# SABCEMM Data Export
# Collector: wealth
# Quantity: wealth
# Method: full
# Group ID: -1
# Simulation: cross_simulation_0
# Number of Series: 1
# Time Steps: 10001
#
TimeStep,Series_0
0,2
1,1.99419704870693
2,1.99999436765198
3,1.99634853711706
4,1.97052842835773
5,1.96345891783467
6,1.97361657932035
7,1.97473715944547
8,1.97079621071376
9,1.97046440263287
10,1.97278714697935
11,1.98165270273696
12,1.97805409402235
13,1.96801684960897
14,1.97731564296184
15,1.97958223774419
16,1.99043990950006
17,1.98876180272205
18,1.98460388232305
19,1.99232603859767
20,1.98386459848135
21,1.98432234136198
22,1.99204881974694
23,2.00200172904303
24,2.0059106097711
25,2.0049115857901
26,1.99993040062742
27,1.99306212662131
28,1.99460877660274
29,1.98987276888653
30,1.98578385599068
31,1.98124659847534
32,1.97448749648441
33,1.97827224295679
34,1.97317496864411
35,1.95732752733577
36,1.95337817295709
37,1.96177755890833
38,1.95863125334281
39,1.96789232322116
40,1.98164798341941
41,1.98609856781615
42,1.98647839042079
43,1.98635124943291
44,1.99519248149882
45,1.99643285397924
46,2.00600632041608
47,2.00822456280341
48,2.00703580240933
49,2.02424799783597
50,2.03020200879616
51,2.03894307814542
52,2.04257790608187
53,2.03120212356567
54,2.02610634481809
55,2.01138563209526
56,2.02186258696832
57,2.01883747165127
58,2.01820447974777
59,2.02936217727438
60,2.02206326069175
61,2.02824744647766
62,2.02528135891516
63,2.01099980024531
64,2.01440650753481
65,2.02965675661628
66,2.02147500692911
67,2.01023843055995
68,2.01974715479869
69,2.0073772851384
70,2.00949315865575
71,2.01790153763371
72,2.0029839973134
73,2.01081208527865
74,2.01811497584389
75,2.00840666108878
76,2.01890457911983
77,2.0066230559596
78,2.01210322436237
79,2.0341712348798
80,2.01293040576304
81,2.02370404978778
82,2.0372877601205
83,2.0275295200114
84,2.04496765680167
85,2.04619393800311
86,2.05079590832609
87,2.04808090240735
88,2.04349553838452
89,2.05879299820837
90,2.03785803009979
91,2.04763125464089
92,2.04271058979954
93,2.03674722807978
94,2.02124185049101
95,2.02399785902488
96,2.02781710274996
97,2.01733133619512
98,2.01129613085872
99,2.01077545961215
100,2.00270792268042
101,1.99043316159218
102,1.98645823890228
103,1.98266734970116
104,1.96666595386674
105,1.96371483344686
106,1.96392922331765
107,1.97443791422611
108,1.99570403647638
109,1.98997795667516
110,2.01203906805145
111,2.02351191856499
112,2.03981690936235
113,2.0605050239345
114,2.06980747061985
115,2.06445459731153
116,2.06234411295307
117,2.0536071888792
118,2.0608397269089
119,2.05260097693173
120,2.04218572301286
121,2.05734666155792
122,2.04811186091983
123,2.02819339284777
124,2.01872743273618
125,2.01488785666776
126,2.01557976809972
127,1.99603649649307
128,1.9856479483637
129,1.97066654056291
130,1.96181825420656
131,1.97808864302914
132,1.97065151740568
133,1.96647000538602
134,1.98739192395177
135,1.98027291604208
136,1.99134876502413
137,1.96501386972284
138,1.96161117392515
139,1.94443573761563
140,1.97807200159462
141,1.95052221412084
142,1.933946267452
143,1.91569803275735
144,1.91023104827368
145,1.91856066139327
146,1.92384900799542
147,1.92223463947153
148,1.90644401035135
149,1.9139227874935
150,1.93153073002506
151,1.93255750009561
152,1.93376438406292
153,1.94846935866414
154,1.95725630203869
155,1.96484016564805
156,1.97823582660317
157,1.9609639039562
158,1.97200944238453
159,1.9446065372367
160,1.94411623647018
161,1.94168329014817
162,1.92383396818276
163,1.93571356980005
164,1.93697126524997
165,1.94433785776336
166,1.93986358324751
167,1.93769082637976
168,1.94561817927467
169,1.93466693764665
170,1.93628205847404
171,1.91933025007397
172,1.91747722320547
173,1.90608554543423
174,1.89801971349416
175,1.92524053384938
176,1.94914272903606
177,1.92825907996416
178,1.93394811364555
179,1.92987019662524
180,1.93341390124685
181,1.93902453660734
182,1.95884808820463
183,1.96350102364914
184,1.93220543819871
185,1.92900908185055
186,1.95170989283295
187,1.94018689447784
188,1.95400578048417
189,1.96075504852116
190,1.97939480652719
191,1.96199052368098
192,1.96249897541007
193,1.94984950679199
194,1.96069077396251
195,1.96305270232955
196,1.96937636208674
197,1.96646756766569
198,1.93625177850844
199,1.93935176677898
200,1.92080621977457
201,1.90966503253367
202,1.90597231281463
203,1.89847603853033
204,1.88622686393501
205,1.90775117244533
206,1.91320761673384
207,1.91382956007464
208,1.9051601434448
209,1.89662459325717
210,1.88514525148875
211,1.90534943116955
212,1.89417021063246
213,1.88798069586321
214,1.88139560749588
215,1.88894124248948
216,1.89925449742964
217,1.88835996806083
218,1.88819255691083
219,1.88914535608278
220,1.90668260552895
221,1.90821693229361
222,1.91923564910039
223,1.90292413982986
224,1.88081067304518
225,1.88144611830377
226,1.89870143673244
227,1.89756999554009
228,1.92196204310036
229,1.92553262012635
230,1.91946546278994
231,1.95430762120821
232,1.95106414864353
233,1.96446387048967
234,1.95016128380368
235,1.96013002572683
236,1.9524559387058
237,1.95462855632383
238,1.93694776681747
239,1.93211710607243
240,1.93002455819811
241,1.9316973920142
242,1.9159721819716
243,1.91679865703889
244,1.9227248784436
245,1.94719908691622
246,1.92890115127312
247,1.92872736951407
248,1.94822948256746
249,1.94114320313122
250,1.94736477400366
251,1.94418420281559
252,1.94817526992281
253,1.95191994634305
254,1.95980692586522
255,1.95574155040581
256,1.96677887151379
257,1.92580099318763
258,1.93168861159938
259,1.92811155113155
260,1.93868968385632
261,1.95669607945416
262,1.95783472767635
263,1.95191827157459
264,1.9594114321646
265,1.96862483533352
266,1.96428479319631
267,1.97941912926282
268,1.97720697851528
269,1.98429191219094
270,1.98261568885999
271,1.99867355364532
272,1.97427917509433
273,1.97703846703081
274,1.97178531022843
275,2.01380402466007
276,1.98112827419504
277,1.97862607812726
278,1.96305133800514
279,1.95906846621986
280,1.9730867247624
281,1.97905205251947
282,1.97301953009771
283,1.96787582069172
284,1.93114059494329
285,1.929758405646
286,1.92607261845461
287,1.94196526576774
288,1.96975051157965
289,1.98332574973179
290,1.99762976426786
291,1.98314578312723
292,2.01062242761853
293,2.02591311320423
294,2.04534428813571
295,2.05900018997315
296,2.07227792575989
297,2.10040183097536
298,2.14100437712977
299,2.19508592889688
300,2.2509191691041
301,2.36458873456846
302,2.47573834050167
303,2.3591823013361
304,2.36331318528249
305,2.36502974366775
306,2.38844702000873
307,2.37831677708149
308,2.36608198741158
309,2.38419595613098
310,2.38532718952877
311,2.36814281000954
312,2.36072319905597
313,2.36283781638903
314,2.36082982638562
315,2.35402972532336
316,2.34232595783269
317,2.3255125488738
318,2.33361291166731
319,2.32451698736969
320,2.32748264643288
321,2.33502056442907
322,2.35779578730737
323,2.34276257711111
324,2.33573047310327
325,2.31099238189771
326,2.29109159563013
327,2.29965019501964
328,2.31488439681156
329,2.32081998310818
330,2.32643407482786
331,2.33539405656162
332,2.32425592310693
333,2.34499277965051
334,2.35550023991672
335,2.35087566988537
336,2.35523645098297
337,2.34243328696645
338,2.34095239760654
339,2.34241023384789
340,2.33723541245464
341,2.34372215621275
342,2.34333521359244
343,2.36022940657122
344,2.38390312809232
345,2.39872859029141
346,2.38647258011074
347,2.40311071857166
348,2.41021422211822
349,2.41408502723005
350,2.41491600248214
351,2.43042050907365
352,2.43422385255187
353,2.42469430257293
354,2.43775996626957
355,2.45678244216003
356,2.46158011082875
357,2.45946487949749
358,2.46795975364003
359,2.45918732447697
360,2.45295086799945
361,2.45861235960368
362,2.45049251424212
363,2.4592315125438
364,2.45823603360699
365,2.46209142113893
366,2.44817068285578
367,2.4328406391273
368,2.42835361683063
369,2.42548991317579
370,2.42789962670678
371,2.41360643309859
372,2.41248304001792
373,2.42270249335471
374,2.42191937217328
375,2.42036236751634
376,2.42189206399558
377,2.40827911817501
378,2.40025001322686
379,2.40013746190208
380,2.40410041375257
381,2.39926547888962
382,2.38885446649487
383,2.4040901925201
384,2.42339727019922
385,2.42132200748622
386,2.41124703234428
387,2.42021170843881
388,2.39336789861858
389,2.39444783850732
390,2.40883882776577
391,2.42484232790955
392,2.41447254240697
393,2.42803360013341
394,2.40988860479522
395,2.43193636966268
396,2.41827424181638
397,2.43203862061578
398,2.462090731807
399,2.48070016691247
400,2.48025148168069
401,2.45898662607984
402,2.45149034035345
403,2.43356493432047
404,2.44704383942976
405,2.4710990565672
406,2.49534902994997
407,2.49173489299907
408,2.47891230568206
409,2.47654869777411
410,2.47166011108973
411,2.49075980322863
412,2.48133173390681
413,2.46877410607281
414,2.48467465746686
415,2.46516761452148
416,2.46697913757462
417,2.4644644270555
418,2.45916166248009
419,2.47797787824347
420,2.49096913340867
421,2.47361472054081
422,2.46445085596452
423,2.46647212809728
424,2.48639734346364
425,2.47780407479656
426,2.45331717760984
427,2.45326853861246
428,2.43513640052931
429,2.43022481359525
430,2.42903936764579
431,2.41777924756212
432,2.43072926885435
433,2.44162967645582
434,2.42816820575678
435,2.44086041151189
436,2.44719219426008
437,2.44064157955992
438,2.45320875738662
439,2.43309918848609
440,2.44178196762673
441,2.44356140217198
442,2.43904884306752
443,2.44142907008514
444,2.438088702642
445,2.45119715679383
446,2.44602050864901
447,2.44777699514032
448,2.45038388198793
449,2.44734051489538
450,2.44053282666587
451,2.41151447349211
452,2.42167345879219
453,2.40386832836021
454,2.38995084470687
455,2.37729571375886
456,2.36663220569164
457,2.3702576548558
458,2.38424770039386
459,2.38215369954733
460,2.37235835709802
461,2.38198384157476
462,2.38350313444081
463,2.38365167354167
464,2.37856389235804
465,2.38479825237201
466,2.39765509576259
467,2.39476776454947
468,2.38783432510976
469,2.38607830985305
470,2.39090817090124
471,2.40437751708762
472,2.40532145217509
473,2.39751883612184
474,2.38073645904905
475,2.36777640279459
476,2.33994913737172
477,2.35290232712956
478,2.35579036949833
479,2.36933194810946
480,2.38354486203667
481,2.37477721645035
482,2.38543660034754
483,2.38651968626862
484,2.40673764164427
485,2.40286552548094
486,2.39083745388125
487,2.3711250777539
488,2.37166699688017
489,2.3818537555934
490,2.35793843710635
491,2.37189674454137
492,2.36337289568987
493,2.35606993889172
494,2.35405663039558
495,2.36376663479967
496,2.37540763722501
497,2.34601602756106
498,2.34571384477618
499,2.35396607575125
500,2.36160520286685
501,2.36934545819477
502,2.3508291909572
503,2.34397048282363
504,2.33106680994428
505,2.32514074474557
506,2.32395949256943
507,2.32047849960313
508,2.33038086297321
509,2.33433592198799
510,2.3422734333478
511,2.33310280740986
512,2.34551642067342
513,2.34078684657154
514,2.36204192412793
515,2.36836743812378
516,2.38314780362629
517,2.40130272629829
518,2.42514839406682
519,2.41383302310032
520,2.42270368315673
521,2.4244379651029
522,2.39515783188378
523,2.39341426237633
524,2.38518085336864
525,2.37913651607445
526,2.38647455261662
527,2.37765938187923
528,2.3918388614145
529,2.39891954768982
530,2.38932811066465
531,2.38078895555583
532,2.36892580071629
533,2.36905313778087
534,2.36119003351291
535,2.33496063574069
536,2.31968440373518
537,2.32687613267729
538,2.31788537076951
539,2.325864152713
540,2.32585093477667
541,2.31907341599214
542,2.30223690707115
543,2.28297780408598
544,2.26674348728249
545,2.31832795379685
546,2.32587267291344
547,2.33628162194314
548,2.3161432458206
549,2.30232154489857
550,2.28347432957978
551,2.28144388268829
552,2.27971989656027
553,2.32443751918157
554,2.30690086843228
555,2.31576715726644
556,2.30592110374482
557,2.28800686043729
558,2.24604454035699
559,2.27182416479366
560,2.26790910527484
561,2.26198657742384
562,2.26963381754382
563,2.28951368113611
564,2.34487132421898
565,2.34513886786499
566,2.34525148832213
567,2.3418245789195
568,2.31226563010764
569,2.3094942457312
570,2.39098498067014
571,2.38907001742183
572,2.37375645629145
573,2.40711343988204
574,2.40155216075769
575,2.41318973295751
576,2.41146600904989
577,2.39069039214814
578,2.38621164437338
579,2.36802247557884
580,2.33949832826646
581,2.35225115763978
582,2.35591993333582
583,2.38533847264525
584,2.40940073946351
585,2.3923067103211
586,2.42706210264674
587,2.45565713450086
588,2.48025247812962
589,2.38342843977916
590,2.39331138088193
591,2.4534010239102
592,2.50023984463311
593,2.49608568150304
594,2.5171458880577
595,2.42424604891539
596,2.40189536188242
597,2.41169332017231
598,2.4009376814998
599,2.43470797073332
600,2.46370397610355
601,2.46679390884211
602,2.45671385997391
603,2.44809731853535
604,2.4618561335256
605,2.46176900514779
606,2.46979169090577
607,2.47680176109355
608,2.49001871164396
609,2.48082741465862
610,2.46473272400877
611,2.46235242604595
612,2.47163079297607
613,2.46246098468205
614,2.45079283373391
615,2.4269571396837
616,2.41251226766354
617,2.42024570520752
618,2.4254214634248
619,2.42453807685689
620,2.43609335497742
621,2.45082357496628
622,2.44515401983417
623,2.45840724631
624,2.45469051194994
625,2.45027158956316
626,2.44882112127559
627,2.46783426670965
628,2.4758795041381
629,2.46903150845915
630,2.45490364343433
631,2.44619740256744
632,2.46091080252049
633,2.44703665414699
634,2.43844459243196
635,2.45733452904048
636,2.46758836864027
637,2.42693846116802
638,2.4515171018692
639,2.45263710809314
640,2.43864772546544
641,2.4534886692876
642,2.44060616924131
643,2.43981573395076
644,2.42991589156492
645,2.38652968601022
646,2.36885448455374
647,2.40050688904057
648,2.39134159845542
649,2.39713034444304
650,2.38987893206346
651,2.36230952401408
652,2.3891141963504
653,2.38524042242585
654,2.3861749857135
655,2.38808987736104
656,2.39589273890147
657,2.38499855002348
658,2.42352145744351
659,2.40823663388108
660,2.40465639901305
661,2.4131688546967
662,2.41890154604682
663,2.43561351652585
664,2.42652269804922
665,2.41208273063847
666,2.40944595045263
667,2.40592947114005
668,2.43182871962784
669,2.44894249505133
670,2.47946793631875
671,2.45490131676137
672,2.43977912152514
673,2.43951510135145
674,2.44466182265236
675,2.44987576945456
676,2.42668497044022
677,2.42943556743844
678,2.4295750569802
679,2.42869820555917
680,2.43587961650061
681,2.44309714016418
682,2.44029866273626
683,2.42492324137845
684,2.43080508918637
685,2.45248649412579
686,2.42949295637652
687,2.42376795563903
688,2.4000208390577
689,2.40123936820868
690,2.41941714998464
691,2.44200411721434
692,2.44889545117374
693,2.45373427491176
694,2.45271488337887
695,2.43284744445597
696,2.43042813211559
697,2.4116065102093
698,2.42070687594761
699,2.4119865912509
700,2.41746229817318
701,2.40433870229285
702,2.39297736882535
703,2.37275798180849
704,2.3774672159927
705,2.3749717845453
706,2.38676694790929
707,2.38227474333613
708,2.39061909516238
709,2.38529230206123
710,2.37627015792188
711,2.38409114156127
712,2.41812028479912
713,2.41109834517
714,2.39463790591779
715,2.40457391958017
716,2.41477986065345
717,2.41152210334611
718,2.41913592929567
719,2.38182433036511
720,2.36043559843655
721,2.36731187790258
722,2.36898099848688
723,2.34635580255116
724,2.37993149970529
725,2.37648664962913
726,2.38090274698649
727,2.39618720973218
728,2.38902822995906
729,2.38950350740216
730,2.41637327529514
731,2.37640099250766
732,2.37725502084714
733,2.36982831060971
734,2.37123648791814
735,2.36359407150902
736,2.34676359592323
737,2.33604099932663
738,2.33447081391594
739,2.38596606210957
740,2.43040636760409
741,2.44092240880908
742,2.50011906538658
743,2.52533846172611
744,2.44070654661692
745,2.42591863915822
746,2.42577556210512
747,2.44160441924537
748,2.41936625756668
749,2.42251978153933
750,2.41876326141184
751,2.42587149716267
752,2.44896601860879
753,2.47724897921466
754,2.49467311157715
755,2.51908169788049
756,2.53274018766109
757,2.5117074699877
758,2.53845287753142
759,2.52446161861013
760,2.50085788560182
761,2.4873531888617
762,2.48933493660033
763,2.4783540827986
764,2.4296767554502
765,2.43046374429054
766,2.43429783832415
767,2.44670292847113
768,2.45938011720222
769,2.45536311082814
770,2.4411443839039
771,2.45803942772065
772,2.48398245065389
773,2.50522331682291
774,2.49148798308357
775,2.446872085618
776,2.44746847217876
777,2.42651432174272
778,2.41624444209924
779,2.3804914713885
780,2.40845640442993
781,2.37389939139626
782,2.413558961071
783,2.40490369084469
784,2.39961768666895
785,2.43361215159671
786,2.43637925819232
787,2.41406151595374
788,2.36778291708856
789,2.3532235180326
790,2.33565323889016
791,2.34237885625521
792,2.3343925797375
793,2.38043701663356
794,2.3585973722459
795,2.39260925113522
796,2.40700149963882
797,2.44273599080709
798,2.41652775894693
799,2.43174461906643
800,2.38968938185971
801,2.38255525769108
802,2.44760778004295
803,2.47289010589898
804,2.42658012136098
805,2.41395026516201
806,2.43706089542786
807,2.44333625719733
808,2.44991102592122
809,2.4447432346067
810,2.43116712623103
811,2.40856801758453
812,2.38861987816329
813,2.41638772947135
814,2.42180566145339
815,2.41701995394615
816,2.42229321384506
817,2.45641709209831
818,2.42961390335248
819,2.42327012646513
820,2.39670640550893
821,2.38555005527211
822,2.38938135879681
823,2.42516853409491
824,2.35349969935856
825,2.36581674501284
826,2.38118012857257
827,2.38928421694783
828,2.34830713149032
829,2.35090834994967
830,2.34760457171381
831,2.37905073280988
832,2.3867310753409
833,2.38723974142287
834,2.42689525425035
835,2.5002165935413
836,2.54153488504016
837,2.43805004778792
838,2.43357834379032
839,2.4578825865762
840,2.46621769386795
841,2.44084225635302
842,2.48168918166342
843,2.50159165656933
844,2.50367314437918
845,2.51800894989233
846,2.50246832910961
847,2.51415109420308
848,2.48716000256504
849,2.49019154445264
850,2.46146846955998
851,2.48003771290177
852,2.49346673102187
853,2.50524002704609
854,2.49374149665218
855,2.50746778487294
856,2.49701153809479
857,2.50558854860484
858,2.47679158738439
859,2.48758183401503
860,2.45771582257416
861,2.4690087623311
862,2.47086094219511
863,2.48458014530565
864,2.51018323774062
865,2.48274450908607
866,2.46109488873799
867,2.48903554149518
868,2.50353779468592
869,2.51962370470202
870,2.47351635698008
871,2.47864506155798
872,2.50596570990405
873,2.54550581672666
874,2.53153512202562
875,2.52780445496651
876,2.54188185752736
877,2.57764764874878
878,2.46120043922515
879,2.45202896794822
880,2.46254267161208
881,2.472650391335
882,2.47141043945172
883,2.45297558836279
884,2.45547266931552
885,2.43824985776311
886,2.43305389327396
887,2.44629825704803
888,2.42905250334809
889,2.40897403593104
890,2.41680229562209
891,2.41652503123297
892,2.41444428444708
893,2.38562744894156
894,2.45921545622983
895,2.47465145521238
896,2.4750884131098
897,2.47942335372358
898,2.49407138713642
899,2.48178903305637
900,2.4803142740725
901,2.46341513003699
902,2.44579745913415
903,2.44347351732453
904,2.45187223382698
905,2.44826962575474
906,2.47188914912827
907,2.44398036416487
908,2.43898901076678
909,2.40222058655436
910,2.39771578973976
911,2.37639478240052
912,2.36788760761746
913,2.39784781336473
914,2.38931958412849
915,2.43468740509638
916,2.38640469284334
917,2.35121982074028
918,2.34948033176255
919,2.32828284188798
920,2.36989866538396
921,2.36125851301151
922,2.39212983997101
923,2.36374993711663
924,2.38471086213072
925,2.36993065665456
926,2.34363462904765
927,2.32269364532147
928,2.30932286682375
929,2.34360149220512
930,2.31868928093638
931,2.31712221334508
932,2.29983007204401
933,2.26919282774659
934,2.22114895748532
935,2.16198777264987
936,2.07370150172651
937,2.04503032254878
938,2.0165961287681
939,2.02177409266984
940,2.02584041980821
941,2.02966728625748
942,2.0235681175731
943,1.99326872092717
944,2.02463169007669
945,2.0188526721852
946,2.01173920884082
947,2.02278116461448
948,2.01589017500495
949,2.03133364744372
950,2.04620070581433
951,2.05301579412944
952,2.05847189895226
953,2.05138101243068
954,2.04807438418734
955,2.04832654681102
956,2.04433853279337
957,2.03343762459704
958,2.03683206320742
959,2.03323486605564
960,2.03367771326363
961,2.02420991363322
962,2.02025704319985
963,2.01462052347236
964,2.01658664156876
965,2.0166015396651
966,2.02647510372467
967,2.03822903322291
968,2.03799788087724
969,2.0457016946178
970,2.04238882801479
971,2.04856476904902
972,2.0397831491866
973,2.03208949657796
974,2.03959233058677
975,2.05503941014056
976,2.04996419483049
977,2.04263756506961
978,2.03923129984032
979,2.04535749505315
980,2.05240244546849
981,2.05503556410366
982,2.05747184876579
983,2.05004945642833
984,2.04764344206538
985,2.041325034479
986,2.02729250820951
987,2.0343679661511
988,2.02807978056726
989,2.02069577370532
990,2.01992735695805
991,2.0240001544953
992,2.01912264560766
993,2.03224910686169
994,2.03177011813533
995,2.0340091571881
996,2.01879172978323
997,2.02548498941252
998,2.02443958123881
999,2.02125094350987
1000,2.00710997065632
1001,2.01821166233111
1002,2.02752926877981
1003,2.03552721385876
1004,2.03599338134841
1005,2.02581847180608
1006,2.02025094271477
1007,2.02172247661505
1008,2.01907271419181
1009,2.02474084635357
1010,2.0235630111569
1011,2.00982536393853
1012,1.98809264997356
1013,1.97874508834526
1014,1.98591231723426
1015,1.9832704159502
1016,1.9843799596759
1017,1.98361501308221
1018,1.98583541277544
1019,1.99622380914238
1020,2.00161100258913
1021,2.00447985596381
1022,2.00517667563781
1023,2.00617029629447
1024,1.98909127934701
1025,1.99375518673761
1026,1.99658324138141
1027,2.00038945859637
1028,1.99552192740528
1029,2.00025290334171
1030,1.99340505001698
1031,1.99001265457667
1032,2.00272148176453
1033,1.99969942047943
1034,2.00527059698089
1035,1.99787454432236
1036,2.00176143029727
1037,2.00148114920976
1038,1.99642330964756
1039,1.99102318388822
1040,1.97915924696918
1041,1.97566511654875
1042,1.97723904211715
1043,1.98001099303526
1044,1.97528511202823
1045,1.96849525710994
1046,1.95685999785315
1047,1.96628978838003
1048,1.96540950000662
1049,1.97475774557481
1050,1.97449976895538
1051,1.97257492732857
1052,1.99216712759536
1053,1.98875771757516
1054,1.9813690499445
1055,1.99526686328475
1056,1.99871853306547
1057,2.00123657196876
1058,2.00562405448016
1059,1.98768815892166
1060,1.9904248442638
1061,2.00449054740941
1062,1.99382422292607
1063,1.96970628502993
1064,1.94662531023959
1065,1.94210617210561
1066,1.93512343286451
1067,1.93196218608563
1068,1.93298683040169
1069,1.93714802539909
1070,1.93808927905369
1071,1.93903776172241
1072,1.94525522277546
1073,1.94007809965589
1074,1.92318155544924
1075,1.92543797337927
1076,1.93561596177043
1077,1.93770172901836
1078,1.9391607684687
1079,1.94215333793713
1080,1.95199406657482
1081,1.96024548333139
1082,1.96159926723021
1083,1.96701768511318
1084,1.96452686418556
1085,1.9691407998053
1086,1.9774416494686
1087,1.97767101435116
1088,1.98448312244276
1089,1.97817767577048
1090,1.96742766832077
1091,1.95955376596083
1092,1.95193911566593
1093,1.94583528437402
1094,1.94830142448876
1095,1.95452392224155
1096,1.94782383110698
1097,1.97161347130488
1098,1.96348275711889
1099,1.95674373613099
1100,1.95945894722516
1101,1.97642487275411
1102,1.97612510947184
1103,1.978085951589
1104,1.99635015945318
1105,2.00360450134903
1106,2.00484543344194
1107,2.01389874939881
1108,2.01406481434464
1109,2.02214343936111
1110,2.0292915391336
1111,2.0211522347403
1112,2.00902535539566
1113,2.00506045036601
1114,2.02444008231397
1115,2.02972024124735
1116,2.03027997732031
1117,2.03641423236339
1118,2.02929153287364
1119,2.04921914083548
1120,2.04860260277309
1121,2.03842067769877
1122,2.02811621064264
1123,2.02422838267626
1124,2.01777521233965
1125,2.00124017546722
1126,2.01250302052035
1127,2.02258489890219
1128,2.02655153808933
1129,2.01166649833332
1130,1.99606427830839
1131,1.97897395710193
1132,1.97850676494619
1133,1.9757952814903
1134,1.98905273571409
1135,1.98698553591924
1136,1.99153845347372
1137,2.00542052677517
1138,2.01137770823314
1139,2.01847978932772
1140,2.0131785653266
1141,1.99601285101382
1142,2.00356471656868
1143,2.00378325093226
1144,2.00132198103745
1145,1.99130317069059
1146,1.99798790630277
1147,1.9875147326608
1148,2.00373386456149
1149,2.01346978370202
1150,1.99782831818393
1151,2.009287977198
1152,2.00410046545783
1153,2.00942206242376
1154,2.02377827621186
1155,2.00645442400616
1156,1.99686862067228
1157,1.99904581962693
1158,2.00415523466117
1159,2.01782416540519
1160,2.01867228170545
1161,1.9954377857286
1162,2.00106335640544
1163,2.00986199479943
1164,2.01883374487945
1165,2.02107891534675
1166,2.03106994200713
1167,2.03604857993408
1168,2.03220983952179
1169,2.0278489075965
1170,2.03043728967989
1171,2.03251672056781
1172,2.04439313717759
1173,2.0320359618916
1174,2.03456229889141
1175,2.02913207909535
1176,2.00089172654089
1177,2.00468557782435
1178,2.01861537096127
1179,2.00926099739536
1180,2.01436353340404
1181,1.99927803467975
1182,2.00055526420457
1183,1.98901565367249
1184,1.99331525158967
1185,2.00775405775042
1186,2.01795202625862
1187,2.0190616512946
1188,2.01733518291133
1189,2.01644703621778
1190,2.02056808019714
1191,2.02457758950631
1192,2.0141781642547
1193,2.01301281201969
1194,1.99421262529108
1195,1.98349852005711
1196,1.97060372790782
1197,1.97186978902783
1198,1.96762162733171
1199,1.98964607666073
1200,1.99938252825624
1201,1.99772230521918
1202,2.00058330687526
1203,2.00639022617578
1204,2.00139331239104
1205,1.98646107056148
1206,2.00407085290493
1207,2.01050618061235
1208,2.01057544413985
1209,2.00224443412287
1210,1.98595424872537
1211,1.98328650931322
1212,1.97095797267948
1213,1.96522726593357
1214,1.98228348529404
1215,1.99499496941566
1216,2.01734891003952
1217,2.01182090367389
1218,2.02515053953841
1219,2.0067435047504
1220,1.99097634346609
1221,1.99478429106913
1222,1.98867164978281
1223,1.98524242866697
1224,1.97893155885682
1225,1.9743174652937
1226,1.98444066031533
1227,1.96845954854641
1228,1.97551046347604
1229,1.95943242584817
1230,1.93966863115836
1231,1.93098879921896
1232,1.93670915958298
1233,1.92045460217415
1234,1.8942637273677
1235,1.90573043590067
1236,1.92180532262415
1237,1.9225444224862
1238,1.92560828468225
1239,1.93769969460327
1240,1.93372226679831
1241,1.94570946675982
1242,1.94019366512399
1243,1.96210777275213
1244,1.96927046873284
1245,2.00964516678062
1246,1.99209858039231
1247,2.00345026555701
1248,2.01113999679765
1249,1.97891598370397
1250,1.98985594198032
1251,1.99832177693122
1252,1.97171035265118
1253,1.94409847265934
1254,1.95551182083983
1255,1.93585197122071
1256,1.92106563037538
1257,1.91905004752016
1258,1.91659581592855
1259,1.91523393725544
1260,1.90119553520401
1261,1.91032323363175
1262,1.90454717754369
1263,1.88697421457982
1264,1.93178557042481
1265,1.9231558030317
1266,1.91848470946733
1267,1.93246918866854
1268,1.9325006049183
1269,1.9389561756185
1270,1.92785764618299
1271,1.96646427050422
1272,1.95382840715345
1273,1.9293754745666
1274,1.91246807394881
1275,1.90608774443552
1276,1.91749419484264
1277,1.93123576576008
1278,1.90947927610157
1279,1.90501480952853
1280,1.93287228720138
1281,1.91606146211941
1282,1.90952899633834
1283,1.89264371995444
1284,1.89239060590518
1285,1.90018928790616
1286,1.89355941374654
1287,1.91819032176469
1288,1.90191285509775
1289,1.90458800087476
1290,1.88829542707907
1291,1.88987411905676
1292,1.87744826995448
1293,1.93684753344106
1294,1.94190705986429
1295,1.92556223914286
1296,1.93139672536298
1297,1.92354128937339
1298,1.91837632743779
1299,1.94493338080165
1300,1.93848740687909
1301,1.93500396959377
1302,1.93740115083241
1303,1.94042178247566
1304,1.93840568858814
1305,1.90621968233841
1306,1.89766848481381
1307,1.91978217386114
1308,1.90856454500361
1309,1.90410497913816
1310,1.91611716986346
1311,1.91179845014031
1312,1.93409169310525
1313,1.92642313959189
1314,1.93468601280131
1315,1.9487028549727
1316,1.96497664428046
1317,1.96335804229224
1318,1.99360775606025
1319,2.00115576645555
1320,2.00996503991007
1321,2.02909155441444
1322,2.0132857695938
1323,2.01520935500835
1324,1.98715755888604
1325,1.95539593366358
1326,1.95239933317328
1327,1.93555349611062
1328,1.93714323958037
1329,1.95965084491362
1330,1.97955748630972
1331,1.98181705885868
1332,1.98261911046706
1333,1.97981176989888
1334,1.94771977569692
1335,1.93086037737293
1336,1.92312436880184
1337,1.9405357823764
1338,1.9590481073806
1339,1.97546207035973
1340,1.96090704754229
1341,1.9615131413544
1342,1.9696887888653
1343,1.96054194575581
1344,1.96978178823204
1345,1.96693767448762
1346,2.00248010067686
1347,2.00550329419393
1348,1.96681598825688
1349,1.94725066618576
1350,1.92951110308241
1351,1.95939928343182
1352,1.98349561872352
1353,1.95749431296175
1354,1.97211396668725
1355,1.97967227749728
1356,1.99562320145529
1357,2.00115952805297
1358,2.00133895582616
1359,1.99464679864843
1360,2.01349882126141
1361,1.98620351479263
1362,1.98875140068028
1363,1.97349441250167
1364,1.97431609654824
1365,1.96530982687042
1366,2.00156390398695
1367,1.96594147485322
1368,1.96660970764518
1369,1.98858714233854
1370,1.99521952259357
1371,1.98028015168856
1372,2.00025591550013
1373,2.00807198137534
1374,1.99136009925044
1375,1.99668446476532
1376,1.9757160834775
1377,1.9614113862514
1378,1.97854474833167
1379,1.95950984356853
1380,1.9320510716893
1381,1.93348104352214
1382,1.90151027599588
1383,1.88045075154595
1384,1.88205057562493
1385,1.88391940383828
1386,1.88837171587818
1387,1.86751701522849
1388,1.8882014935816
1389,1.87281477069773
1390,1.86363464832722
1391,1.90001118346596
1392,1.88707421944755
1393,1.90476739445147
1394,1.88213625658977
1395,1.86177435283265
1396,1.87918534237985
1397,1.86732459629478
1398,1.8858341072067
1399,1.89947250465372
1400,1.90935100662756
1401,1.90245928962161
1402,1.89545568054267
1403,1.89836102360598
1404,1.88279413092092
1405,1.87677085082859
1406,1.87666832142186
1407,1.87537753668908
1408,1.88641077220706
1409,1.8978131435921
1410,1.89918094401197
1411,1.90504963778238
1412,1.90007699976974
1413,1.91388054591078
1414,1.92033039829709
1415,1.91586224736954
1416,1.92503395007909
1417,1.92843573556653
1418,1.93166125206798
1419,1.92362450232318
1420,1.92761808335897
1421,1.93594713232555
1422,1.94044993219492
1423,1.92298815254728
1424,1.9536095969944
1425,1.95433803104803
1426,1.94461371565375
1427,1.95148210145407
1428,1.96042619828608
1429,1.95825583559497
1430,1.93881005935209
1431,1.93468684811026
1432,1.94887959656898
1433,1.93788419077541
1434,1.91820281293089
1435,1.90710713745943
1436,1.90421605874348
1437,1.88290088704292
1438,1.86201839467472
1439,1.88753446669133
1440,1.89128720615717
1441,1.90887295239829
1442,1.90809375781689
1443,1.9071203241676
1444,1.89937045806548
1445,1.91801509754822
1446,1.93295049367148
1447,1.93425246301265
1448,1.93792912935635
1449,1.93310954430293
1450,1.92774820022737
1451,1.94877099317518
1452,1.96063995451137
1453,1.94402509575324
1454,1.93506321591673
1455,1.96126672067053
1456,1.96989241146104
1457,1.99019398230095
1458,1.94675190521554
1459,1.95528559235297
1460,1.94335424554559
1461,1.98104351717723
1462,1.95540026981863
1463,1.92083571514502
1464,1.92665166748026
1465,1.92713924817901
1466,1.90040097022128
1467,1.8967370244282
1468,1.92016484424931
1469,1.90250920998011
1470,1.90253214906679
1471,1.91292790275273
1472,1.91539877145601
1473,1.93384534530907
1474,1.9355611119114
1475,1.91489500375656
1476,1.92125877447052
1477,1.9326015036689
1478,1.9312273604066
1479,1.92525997026727
1480,1.92883310563855
1481,1.92928028476064
1482,1.92965302544289
1483,1.93609196668294
1484,1.93838970626123
1485,1.937788284039
1486,1.94504515626927
1487,1.9278369928964
1488,1.89631679594928
1489,1.91560110143358
1490,1.91400970107771
1491,1.9168433012175
1492,1.89900485891764
1493,1.88800760629177
1494,1.89141677770188
1495,1.89212992096406
1496,1.92320267562218
1497,1.93429190667337
1498,1.90951561468565
1499,1.89663274919365
1500,1.8819181285357
1501,1.8676227429229
1502,1.87243986943275
1503,1.88533798227169
1504,1.87171047613568
1505,1.85278768086581
1506,1.8852512763365
1507,1.87363199185416
1508,1.85926226677208
1509,1.8562486827872
1510,1.84528898197784
1511,1.87628058756226
1512,1.86761049691916
1513,1.84673583276373
1514,1.85216871920979
1515,1.85394831792167
1516,1.86033055397392
1517,1.86112194012918
1518,1.85959707404545
1519,1.85625498580649
1520,1.85224689809674
1521,1.86749860526123
1522,1.87114822779222
1523,1.87038050641183
1524,1.86857332892249
1525,1.87000600668247
1526,1.87517072971841
1527,1.86941348069006
1528,1.85951539239548
1529,1.85904580611467
1530,1.833371667583
1531,1.8647764574329
1532,1.84515162207406
1533,1.85568108956052
1534,1.85285888426336
1535,1.85983812963255
1536,1.84229349953278
1537,1.84179674336576
1538,1.8465886000365
1539,1.84529435206469
1540,1.85642915441752
1541,1.84519300277484
1542,1.84072570373354
1543,1.84182238000205
1544,1.83823806437309
1545,1.84367120575062
1546,1.84674211059192
1547,1.85630692896688
1548,1.84165008637467
1549,1.83247274039939
1550,1.84242982936424
1551,1.8332557942297
1552,1.83651348986237
1553,1.83200294785547
1554,1.82968263711646
1555,1.83466950918902
1556,1.83721506871133
1557,1.84147403182249
1558,1.83178676364162
1559,1.8267278140515
1560,1.8393860643248
1561,1.81527469922656
1562,1.86240344873698
1563,1.86432686037377
1564,1.87269581981911
1565,1.85605548778395
1566,1.8527941268629
1567,1.85882137977755
1568,1.84779159341534
1569,1.84801394776574
1570,1.84721896268363
1571,1.84541534938941
1572,1.84413762339466
1573,1.84695331545672
1574,1.85452026138154
1575,1.85172040066774
1576,1.85102568662014
1577,1.85441937920083
1578,1.85488557304436
1579,1.86189099013989
1580,1.87304048895312
1581,1.87266931688079
1582,1.89024441092243
1583,1.89494442040799
1584,1.89592901536825
1585,1.89160071641851
1586,1.89446063651235
1587,1.88860426866732
1588,1.88477285375861
1589,1.88749980039211
1590,1.87382832245194
1591,1.86819090056331
1592,1.87181958223564
1593,1.86643045705589
1594,1.87734664727441
1595,1.88464316156037
1596,1.87981262673195
1597,1.88707947859228
1598,1.88579670511809
1599,1.87582297701996
1600,1.86948725603538
1601,1.87630926365136
1602,1.88485843728592
1603,1.88170472449357
1604,1.88996546724862
1605,1.88232253093949
1606,1.8945219306762
1607,1.89305948053535
1608,1.89304501066903
1609,1.89250165775494
1610,1.8814879133871
1611,1.88241899026443
1612,1.88176369142423
1613,1.87634812819823
1614,1.8783055149035
1615,1.87197363340522
1616,1.86590664110601
1617,1.86578303022079
1618,1.8508846478561
1619,1.85268379582951
1620,1.85740400367334
1621,1.86298924680151
1622,1.85985790032274
1623,1.85789458181225
1624,1.85363994371872
1625,1.86276691305162
1626,1.85925809566535
1627,1.85664900845407
1628,1.85060186615707
1629,1.84465850485992
1630,1.83954516166075
1631,1.8367917839164
1632,1.83259934117252
1633,1.84259210778504
1634,1.84961510077896
1635,1.84406738200943
1636,1.84739158664619
1637,1.8463323524071
1638,1.85547525063828
1639,1.84753345034483
1640,1.84898609142465
1641,1.84583776917847
1642,1.83825089309409
1643,1.83735294768752
1644,1.83878091519523
1645,1.83687958469763
1646,1.82983660729817
1647,1.82654619250935
1648,1.82101565199671
1649,1.81364442464568
1650,1.8031370006343
1651,1.84863166129112
1652,1.84835116120519
1653,1.84756942828486
1654,1.84244512565033
1655,1.84355681489513
1656,1.83764424108034
1657,1.83992178324124
1658,1.84754293479383
1659,1.84304082201057
1660,1.8530893699587
1661,1.85478394625943
1662,1.85002311916656
1663,1.8392578559415
1664,1.83616888228096
1665,1.83697960930773
1666,1.8326935647307
1667,1.82732820277596
1668,1.81198524634474
1669,1.81643346126141
1670,1.81449956189741
1671,1.81695237109829
1672,1.81954402401189
1673,1.82509229034315
1674,1.83341153805671
1675,1.82530955632379
1676,1.82504742251563
1677,1.83130571987324
1678,1.82995370319227
1679,1.82741601079244
1680,1.83073596672792
1681,1.8313111677308
1682,1.82750504968276
1683,1.81933878556801
1684,1.8302114941018
1685,1.83605904459677
1686,1.8381782445466
1687,1.84539230212856
1688,1.84301801260804
1689,1.85167547733951
1690,1.851713998343
1691,1.85484808600964
1692,1.86136200034431
1693,1.85648055208593
1694,1.86664157049177
1695,1.86439696115456
1696,1.86952413409378
1697,1.864756020919
1698,1.86330601079793
1699,1.85656636360786
1700,1.85274018895487
1701,1.85002208565985
1702,1.84506192289658
1703,1.83767823229044
1704,1.84292106085829
1705,1.84192983002989
1706,1.84660594155041
1707,1.84447282944393
1708,1.85053101832793
1709,1.84741530311681
1710,1.85068359944588
1711,1.84434894870801
1712,1.84086611864155
1713,1.83991418479727
1714,1.83115149312403
1715,1.826468329269
1716,1.83832757397199
1717,1.84145263534197
1718,1.8384195369304
1719,1.83307525307349
1720,1.83511801818289
1721,1.83956176720567
1722,1.84246375498518
1723,1.83847716130046
1724,1.84030378358364
1725,1.83487420283173
1726,1.83385160185415
1727,1.83463694754479
1728,1.82623588142127
1729,1.82194853506041
1730,1.82584460724925
1731,1.82883104340609
1732,1.82754472731545
1733,1.83306807780428
1734,1.82203068803963
1735,1.82353542538489
1736,1.82291439905282
1737,1.82543545415134
1738,1.82400289318247
1739,1.81553260055418
1740,1.81692743849565
1741,1.81242755702218
1742,1.81947337469575
1743,1.81639133455814
1744,1.81871689143421
1745,1.81984866823871
1746,1.82628341975941
1747,1.82721403360165
1748,1.82093435856874
1749,1.82195383913207
1750,1.83064096397251
1751,1.83314096597382
1752,1.83742020588888
1753,1.83828039254864
1754,1.83708917814176
1755,1.84656555062444
1756,1.83908592119769
1757,1.84614779514538
1758,1.8455948780308
1759,1.8545638697441
1760,1.85032195089397
1761,1.85525194413665
1762,1.85593437765166
1763,1.8567477419283
1764,1.85975347739442
1765,1.85999716629314
1766,1.85624326658089
1767,1.85752266418192
1768,1.8620365878376
1769,1.86358297127043
1770,1.87440940743476
1771,1.86672394253903
1772,1.87346641965441
1773,1.87965571568949
1774,1.88269086278248
1775,1.8913413854067
1776,1.89349493083755
1777,1.89135685655741
1778,1.88274028881312
1779,1.89768857124304
1780,1.89863182670588
1781,1.8963271230298
1782,1.89672897682738
1783,1.89601674498808
1784,1.88640695775567
1785,1.88676915572364
1786,1.88221658701119
1787,1.87682123225676
1788,1.88497353144234
1789,1.88086780281838
1790,1.87370410338687
1791,1.88105470457597
1792,1.88345673903913
1793,1.8810680506382
1794,1.87468117331394
1795,1.87498278798815
1796,1.88454715132909
1797,1.88262246555055
1798,1.88263312472713
1799,1.88155018766463
1800,1.88149270512411
1801,1.88358794529878
1802,1.88138949032546
1803,1.87541706382268
1804,1.86795718062987
1805,1.86878318467682
1806,1.86323997883415
1807,1.86846359524105
1808,1.85938784483713
1809,1.86854763773771
1810,1.87126164005005
1811,1.8709059228334
1812,1.87814635552228
1813,1.88233028918931
1814,1.88540679113398
1815,1.87389522486692
1816,1.87175772480487
1817,1.86840910474107
1818,1.87497556546497
1819,1.87699067632775
1820,1.87209263708686
1821,1.8700586953783
1822,1.86356991267698
1823,1.86587913422617
1824,1.86418526892287
1825,1.86711251468452
1826,1.8654059853545
1827,1.86334302830473
1828,1.86666089501787
1829,1.86938428093608
1830,1.86669155362555
1831,1.86557633454424
1832,1.85714343501749
1833,1.84605789409017
1834,1.85215076471548
1835,1.8461344761808
1836,1.83883478989296
1837,1.82815750227155
1838,1.81747908445102
1839,1.83260681749253
1840,1.83375015307496
1841,1.84234226272546
1842,1.83276040553179
1843,1.83457226726111
1844,1.82951025596026
1845,1.8335022580168
1846,1.84338764136206
1847,1.83928409135124
1848,1.84250238649594
1849,1.84359673804085
1850,1.85015835325416
1851,1.8502424804762
1852,1.87049032767479
1853,1.8735437862396
1854,1.8731006162644
1855,1.8642350675604
1856,1.8562373146928
1857,1.84668630521861
1858,1.8440276813503
1859,1.83980105724984
1860,1.8397910396646
1861,1.8430334880514
1862,1.84680740679806
1863,1.84440740686452
1864,1.84524912211485
1865,1.85374163070154
1866,1.86228715446241
1867,1.87254101743389
1868,1.87142950914213
1869,1.86940110378153
1870,1.86498171564808
1871,1.86361188086009
1872,1.86010577678516
1873,1.85632233067736
1874,1.86387445417237
1875,1.86091805083009
1876,1.86210888905888
1877,1.87072566422848
1878,1.86696729836145
1879,1.85889233743558
1880,1.86488791489605
1881,1.8669407092165
1882,1.87374567343717
1883,1.87753697795689
1884,1.88078083167958
1885,1.88589567455488
1886,1.89982212663998
1887,1.91306508066838
1888,1.91767927439343
1889,1.90817093267027
1890,1.91610998136613
1891,1.9101139912525
1892,1.91623158134647
1893,1.9057966658714
1894,1.89483184297162
1895,1.89445723990297
1896,1.89473864844427
1897,1.89040521619417
1898,1.90024187896193
1899,1.89937649773207
1900,1.90194132266504
1901,1.89618412429955
1902,1.88426096138016
1903,1.88455984835443
1904,1.88169770072443
1905,1.87394295529001
1906,1.87042999862107
1907,1.86117259592807
1908,1.85693927488851
1909,1.84632037548098
1910,1.84770338450826
1911,1.83951500680738
1912,1.84882677579124
1913,1.8392059654982
1914,1.83200168833092
1915,1.83903747030392
1916,1.83860670603264
1917,1.83748996700094
1918,1.82699952650427
1919,1.82147641501224
1920,1.82044854293064
1921,1.8166845569682
1922,1.81133254212031
1923,1.80157882386019
1924,1.80425634491639
1925,1.80707918101002
1926,1.80457068032393
1927,1.81091810760768
1928,1.80147484422592
1929,1.79917525727897
1930,1.80229231918923
1931,1.79750173171622
1932,1.79500717315035
1933,1.79201227867106
1934,1.81042466576118
1935,1.81793405517245
1936,1.82455878224565
1937,1.81687175309027
1938,1.82065351276463
1939,1.81579344466419
1940,1.82066555303673
1941,1.82501669069514
1942,1.82924744057987
1943,1.8278051428383
1944,1.82317275495809
1945,1.83002438261278
1946,1.83349838129065
1947,1.82983888718892
1948,1.84065668290619
1949,1.83737421061201
1950,1.84285989141244
1951,1.85324628048281
1952,1.85543460004669
1953,1.86149902663668
1954,1.87147198093254
1955,1.87784620664079
1956,1.86376960352643
1957,1.87096695966098
1958,1.87521356033986
1959,1.86717711781296
1960,1.86631948471108
1961,1.84713736390294
1962,1.8512417238862
1963,1.84597131734915
1964,1.84339790807866
1965,1.83497731454392
1966,1.83915561829499
1967,1.83646129637498
1968,1.8407943708203
1969,1.84169859749582
1970,1.85354769107946
1971,1.83075216121182
1972,1.81551516713586
1973,1.82501487960135
1974,1.81842815412751
1975,1.81391852151499
1976,1.81467398481852
1977,1.8062946776711
1978,1.79712787352697
1979,1.79430293205951
1980,1.80351042850771
1981,1.79968533574382
1982,1.81391351856363
1983,1.83800323468565
1984,1.83715369577196
1985,1.8350463184808
1986,1.8293254670032
1987,1.83934065783257
1988,1.82774315150522
1989,1.85153050219199
1990,1.85396887332283
1991,1.85080004341753
1992,1.82514112969451
1993,1.81992995808602
1994,1.81189359336173
1995,1.81926265481655
1996,1.82248721478061
1997,1.83003756145919
1998,1.82058200101437
1999,1.82573248887365
2000,1.82999676932348
2001,1.82146568252689
2002,1.81163945921165
2003,1.81780858812372
2004,1.81226157022439
2005,1.81574230801835
2006,1.81593716764224
2007,1.82522266692226
2008,1.82615914571835
2009,1.82277775913889
2010,1.8254953727414
2011,1.83845950449125
2012,1.85204479512353
2013,1.83911164802484
2014,1.85082125519287
2015,1.85297487502683
2016,1.84850809847413
2017,1.84564123071608
2018,1.86495998018146
2019,1.88659193161328
2020,1.89632431378632
2021,1.88121472964377
2022,1.88371556470008
2023,1.87851011708361
2024,1.88191012107579
2025,1.89336764818062
2026,1.88546419207626
2027,1.9018114671804
2028,1.88511141510745
2029,1.85460389590534
2030,1.85239186168061
2031,1.84092967392271
2032,1.84256417058441
2033,1.84616846282646
2034,1.84752877608208
2035,1.84127864848887
2036,1.85431504496407
2037,1.84814614092238
2038,1.84001924660978
2039,1.82446785867235
2040,1.84333530973592
2041,1.85288161866236
2042,1.8624534850523
2043,1.85752151501043
2044,1.84467889199005
2045,1.84078395037648
2046,1.84149548056428
2047,1.86125494687477
2048,1.85330717202351
2049,1.84041249000783
2050,1.84690255727054
2051,1.8569170753956
2052,1.84242631798841
2053,1.83850719239236
2054,1.83737108860349
2055,1.86202695407548
2056,1.85534518820096
2057,1.87395681301604
2058,1.8899865981765
2059,1.8891959715531
2060,1.89884033796426
2061,1.87831759258765
2062,1.89636481560641
2063,1.92259827193541
2064,1.89512953245509
2065,1.89060914934437
2066,1.89371966131818
2067,1.87976038705781
2068,1.87330993755697
2069,1.89671401903508
2070,1.88609122509737
2071,1.88296609816544
2072,1.8633188017406
2073,1.88188388322416
2074,1.89596560441245
2075,1.88846130255254
2076,1.86915486233669
2077,1.86982285256972
2078,1.85427741464139
2079,1.83264434802656
2080,1.83800761553714
2081,1.84057561124067
2082,1.8247512488087
2083,1.84840312983646
2084,1.84867931360083
2085,1.86292260631993
2086,1.88780831112173
2087,1.88376842949746
2088,1.87268288672543
2089,1.89023868192629
2090,1.90943040660346
2091,1.93589921187556
2092,1.91975700077717
2093,1.92910606443439
2094,1.94591850992299
2095,1.90535021699197
2096,1.92307500997245
2097,1.91626356599559
2098,1.92213823740862
2099,1.90930507064928
2100,1.89631842566471
2101,1.9092860369913
2102,1.92330590177883
2103,1.9156784424323
2104,1.9230057021907
2105,1.9235952491399
2106,1.91338086985328
2107,1.9139039764824
2108,1.92600470871114
2109,1.93239010867922
2110,1.94042561348753
2111,1.93418255295862
2112,1.94199021321393
2113,1.93011430504154
2114,1.93313846429301
2115,1.9430624155379
2116,1.94189875516038
2117,1.94858025780905
2118,1.94753807810664
2119,1.96763569292227
2120,1.93995962571224
2121,1.93436129183466
2122,1.92443055409996
2123,1.91998136723904
2124,1.91699873742237
2125,1.91542929988789
2126,1.92778969228548
2127,1.9444279838658
2128,1.95211627599065
2129,1.95075629879776
2130,1.95850440924394
2131,1.94965392349955
2132,1.94704411124336
2133,1.94412818280682
2134,1.93307085814384
2135,1.9361956040218
2136,1.92886765144081
2137,1.91632518231066
2138,1.93261008320655
2139,1.91785260427503
2140,1.91592034636344
2141,1.92095129228687
2142,1.92337868325193
2143,1.9243259061955
2144,1.92542595270049
2145,1.94701343667953
2146,1.94491577894545
2147,1.95169135537332
2148,1.92381476640847
2149,1.92551284950659
2150,1.92913239697933
2151,1.94519182888132
2152,1.95595162290562
2153,1.95478460935083
2154,1.95307958329045
2155,1.92886014433756
2156,1.94077987313085
2157,1.95572999309647
2158,1.95229941273947
2159,1.92523522289917
2160,1.95425782191842
2161,1.9592800450553
2162,1.94218634244501
2163,1.95031433860756
2164,1.93127139448655
2165,1.9366461560212
2166,1.94767305965678
2167,1.95217148850658
2168,1.9255706526712
2169,1.90859947832463
2170,1.89975983036261
2171,1.91279298851497
2172,1.9223444520521
2173,1.91541477779299
2174,1.92184225073854
2175,1.90477004527364
2176,1.89517111829944
2177,1.91326240850719
2178,1.92381551275955
2179,1.93818550588808
2180,1.92479026846411
2181,1.93861490550381
2182,1.94595127353358
2183,1.94923739143698
2184,1.94717475428974
2185,1.95226299901331
2186,1.95927490300342
2187,1.9511279688582
2188,1.94048878026712
2189,1.95885727454035
2190,1.95958232083994
2191,1.94874420366472
2192,1.92902383862006
2193,1.91185523505317
2194,1.91793829221728
2195,1.90956663670249
2196,1.9150338274902
2197,1.92241832518843
2198,1.91259513132889
2199,1.9186830106442
2200,1.96189761739069
2201,1.95517260590728
2202,1.95962715530357
2203,1.99508233360973
2204,1.90356122312159
2205,1.90896726878307
2206,1.90605346614225
2207,1.91886874448494
2208,1.91130461108602
2209,1.91296607627703
2210,1.9187215216534
2211,1.90957205195056
2212,1.91544518259926
2213,1.90587058205057
2214,1.91148405980681
2215,1.93464125965801
2216,1.95152951205941
2217,1.96604521066999
2218,1.96422094887879
2219,1.94627934967318
2220,1.94558447490257
2221,1.94459990861435
2222,1.92892389064877
2223,1.93326958933341
2224,1.91162400386838
2225,1.90815779697278
2226,1.91011643670123
2227,1.92124823969186
2228,1.92854807553387
2229,1.91373143534236
2230,1.90494185545075
2231,1.90586166962118
2232,1.925034533474
2233,1.93333143726454
2234,1.93341226524229
2235,1.93008332383033
2236,1.93031046125428
2237,1.9368111910683
2238,1.943358293042
2239,1.95378716432372
2240,1.94568417354335
2241,1.9434599631957
2242,1.96551155819428
2243,1.97649836332422
2244,1.96628967560787
2245,1.98374677714816
2246,1.99030430657206
2247,2.0034650018897
2248,1.98776556128455
2249,1.99771486294528
2250,2.00115094681633
2251,1.99846485017852
2252,1.99562239835877
2253,1.99046828249147
2254,2.00350616943035
2255,1.99598545240384
2256,2.00490197538679
2257,2.00278746506836
2258,2.00596559307928
2259,1.99266479091229
2260,2.00860353169347
2261,1.99015144895142
2262,1.98753806966113
2263,1.98304392145784
2264,1.97763706236765
2265,1.98071199021113
2266,1.9868022460841
2267,1.97420330335032
2268,1.9668461413469
2269,1.98440557351342
2270,1.99854574414878
2271,2.0122278177675
2272,1.99254198882107
2273,2.00647630513686
2274,2.01346670018341
2275,2.01458784383452
2276,2.00768798592215
2277,1.99965688642221
2278,2.01884948937139
2279,2.02745444852271
2280,2.01807344294244
2281,2.03292042742928
2282,2.01137519466656
2283,2.0119935540211
2284,2.00819612181083
2285,2.01810983291092
2286,2.00729614960924
2287,2.00693516788275
2288,2.0156094779588
2289,2.01253252593343
2290,2.02908674452985
2291,2.02384973397557
2292,2.02320677190792
2293,2.03983927631719
2294,2.00864596442655
2295,2.00554275477575
2296,2.00731629522876
2297,2.00712165291895
2298,1.99916107089106
2299,1.99526507566456
2300,1.98799303526988
2301,1.98203275551754
2302,1.97852292496184
2303,1.97979858920354
2304,1.98633582382769
2305,1.99165960929206
2306,1.98707987240177
2307,1.97874584899477
2308,1.97378692526254
2309,1.97666053948458
2310,1.99154651396762
2311,1.99904849311653
2312,1.99437212313947
2313,1.99536806610402
2314,2.01001442890287
2315,2.00376408977053
2316,2.00730150245132
2317,2.01168817912984
2318,2.00460651426643
2319,2.00818023732064
2320,2.01623839612293
2321,2.0252535375659
2322,2.02362466877399
2323,2.03464049703024
2324,2.03293423059747
2325,2.04324619884661
2326,2.00824890237496
2327,2.00123491579431
2328,1.98791488316155
2329,1.98543904960454
2330,1.97455811321846
2331,1.97437503004249
2332,1.98189940539976
2333,1.98223486787197
2334,1.98249474529004
2335,1.9754601615133
2336,1.98378000039891
2337,1.97788293580015
2338,1.97553097436101
2339,1.98141289204892
2340,1.98235200289026
2341,1.98677224715315
2342,1.98824175320385
2343,1.97624568244552
2344,1.98475069178758
2345,1.96920667302203
2346,1.9657813015005
2347,1.96160485475653
2348,1.94899400134553
2349,1.95105747372325
2350,1.95534037593203
2351,1.95978510263243
2352,1.97343947824086
2353,1.98889987359854
2354,1.98965046033413
2355,1.97996826515206
2356,1.98267536956677
2357,1.97947374311724
2358,1.98125897710508
2359,1.99215146601083
2360,1.99387063212884
2361,2.00222038394942
2362,1.97629642616153
2363,1.98101802977132
2364,1.99867678538183
2365,2.00008389349251
2366,2.00416334982062
2367,1.99917697145072
2368,1.99681005794255
2369,2.00233685345187
2370,2.00752515079224
2371,2.02300558646376
2372,2.01273443149566
2373,2.0214987444696
2374,2.03909911856388
2375,2.0583142023099
2376,1.97429254805205
2377,1.9769808653819
2378,1.98665514130335
2379,1.97606304268763
2380,1.98219666705017
2381,1.98963634351993
2382,1.97879812570908
2383,1.96971142224973
2384,1.94353539258914
2385,1.93960233133205
2386,1.93296970487149
2387,1.96445839789919
2388,1.96221861062042
2389,1.96882396044192
2390,1.95794086977032
2391,1.956420701402
2392,1.95058396077257
2393,1.96003319510392
2394,1.97651558311097
2395,1.97945642534429
2396,1.99560072000812
2397,2.00317383825661
2398,1.98669338626038
2399,2.01640155484875
2400,2.00650164869675
2401,2.00235414439032
2402,2.01140928838364
2403,2.02386481539611
2404,2.04210618040949
2405,2.03254390058249
2406,2.02876245577508
2407,2.02130702433091
2408,2.02924172731532
2409,2.03615371126157
2410,2.06114272868604
2411,2.02074263481886
2412,2.04066226692067
2413,2.08153409016174
2414,2.01989380610845
2415,2.01159455810245
2416,2.02602700968757
2417,2.00295238685578
2418,1.99343257239068
2419,2.00304725501454
2420,2.00201078304096
2421,2.02776766500799
2422,2.04656263133281
2423,2.06008795078495
2424,2.04106941173254
2425,2.02592000129601
2426,2.00980453886865
2427,1.97853991172
2428,1.98875004710275
2429,1.99341194670961
2430,1.99096538193936
2431,2.00604899630097
2432,2.01199951125344
2433,2.00808242295253
2434,2.00745863282782
2435,1.99614425011897
2436,1.99816040417329
2437,2.00544863698394
2438,2.01663796762357
2439,2.01737235499763
2440,2.03168348339524
2441,2.01676224296472
2442,1.99467074586043
2443,1.98843006958876
2444,2.00752042088475
2445,2.01896478086155
2446,1.98851439763325
2447,2.01405104432395
2448,2.01671551677285
2449,2.0208272015829
2450,2.01796666055216
2451,2.04269302260294
2452,2.0502292579427
2453,2.05697064738116
2454,2.05833117613429
2455,2.06016553723917
2456,2.05624726918543
2457,2.0505086435748
2458,2.08681670704016
2459,2.04930444861157
2460,2.04822755688414
2461,2.02129054915097
2462,1.99661539464159
2463,1.99221295241239
2464,1.96265762446362
2465,1.96586072668754
2466,1.98822754259272
2467,1.98516929769793
2468,1.97352567594904
2469,1.96895974027533
2470,1.98454754563182
2471,2.01188178330776
2472,2.02886732591849
2473,2.01449457372352
2474,2.01776241289426
2475,2.04069475723532
2476,2.0451286927667
2477,2.04036463622984
2478,2.07780260260634
2479,2.0905385979917
2480,2.08109858168967
2481,2.0640492311326
2482,2.07130977186295
2483,2.07258145338301
2484,2.07818299223416
2485,2.06819550162728
2486,2.09586574216263
2487,2.09097737724048
2488,2.10180172820898
2489,2.12256571606172
2490,2.14396812381205
2491,2.19109708936131
2492,2.30750666750137
2493,2.54393228220642
2494,2.52352717494755
2495,2.51068363907527
2496,2.51244554072684
2497,2.520397703946
2498,2.53176250412338
2499,2.52145735628952
2500,2.53181444697424
2501,2.53036448987629
2502,2.52023077679476
2503,2.51737770271174
2504,2.50744553422812
2505,2.52031534724109
2506,2.51669620976015
2507,2.51314660816664
2508,2.49611336545152
2509,2.48626604034092
2510,2.50855063140222
2511,2.5113307588561
2512,2.48980181644219
2513,2.49110235358282
2514,2.4741554266251
2515,2.46761921731468
2516,2.46400377276549
2517,2.46609435154466
2518,2.46055659487019
2519,2.44470736027811
2520,2.44305884425003
2521,2.4449945021335
2522,2.41855929061262
2523,2.41326606940214
2524,2.37616571272334
2525,2.39921532216803
2526,2.39134166085941
2527,2.37089102624702
2528,2.37708898463387
2529,2.35530604481465
2530,2.36187444223304
2531,2.35038305414643
2532,2.36454443061638
2533,2.3570782766983
2534,2.36551582573156
2535,2.36114676326959
2536,2.34845571762887
2537,2.34995790195762
2538,2.36064318434549
2539,2.35119502084535
2540,2.33935115400783
2541,2.36715587719127
2542,2.35282666395491
2543,2.3618296275886
2544,2.36013554363841
2545,2.33970076260419
2546,2.34090211028646
2547,2.29207500309766
2548,2.45029166513092
2549,2.42855595932472
2550,2.46663337861639
2551,2.46262557942097
2552,2.47668047261476
2553,2.4603727683112
2554,2.49954195544515
2555,2.48466740675755
2556,2.48464675984504
2557,2.500330400692
2558,2.48300053076673
2559,2.48447465028681
2560,2.45464870767105
2561,2.51186903781197
2562,2.48025605976065
2563,2.50292470234689
2564,2.48987703390088
2565,2.5128452251775
2566,2.51443936868137
2567,2.52433613191803
2568,2.48903646017414
2569,2.49468783737891
2570,2.43721752969457
2571,2.40820085856217
2572,2.40486159622185
2573,2.41616467932059
2574,2.42291878070589
2575,2.41989508846501
2576,2.43144306462032
2577,2.42989035036935
2578,2.4258692535756
2579,2.40473796915231
2580,2.39987227313554
2581,2.39680931150093
2582,2.39106956533752
2583,2.36159628233179
2584,2.36058868251128
2585,2.36425595998134
2586,2.35975507454876
2587,2.30113339246358
2588,2.33645639020761
2589,2.31618078535081
2590,2.30722068931396
2591,2.27268942370227
2592,2.35377272099868
2593,2.36578286147676
2594,2.37565371645153
2595,2.36063937282742
2596,2.38344417498877
2597,2.38099055977409
2598,2.38925787097148
2599,2.37969800864414
2600,2.36336276902725
2601,2.39245929959767
2602,2.41996121882497
2603,2.43632457306442
2604,2.41396826950773
2605,2.41494439062311
2606,2.42869090630898
2607,2.45706261680409
2608,2.44378772760709
2609,2.46987666165052
2610,2.41898614407964
2611,2.43889924585533
2612,2.42605509776129
2613,2.40725088034865
2614,2.40934815032666
2615,2.39815541819468
2616,2.39234018500228
2617,2.35465569433641
2618,2.34129014899483
2619,2.33442406236063
2620,2.34687649841877
2621,2.35173625641639
2622,2.36054913421177
2623,2.37440118957
2624,2.3702490034804
2625,2.41784250317435
2626,2.45577255718891
2627,2.44118829797753
2628,2.4571786288332
2629,2.45459322698813
2630,2.47373650079643
2631,2.47724603497309
2632,2.49222091258677
2633,2.45462765414669
2634,2.44549733974048
2635,2.45718393279842
2636,2.43773856653636
2637,2.43187093224915
2638,2.42315272897637
2639,2.43994549198084
2640,2.47069993977405
2641,2.46022099370487
2642,2.42918371181062
2643,2.43028263523917
2644,2.46100447683216
2645,2.47656983570383
2646,2.51655143962162
2647,2.40369409945311
2648,2.35252632727596
2649,2.33829121124901
2650,2.37583487650567
2651,2.40007914397458
2652,2.40321562726388
2653,2.41912599505707
2654,2.41019291539277
2655,2.38969698415884
2656,2.3790856539603
2657,2.37428555027571
2658,2.36916388159122
2659,2.35683742580443
2660,2.39303903061872
2661,2.37019551250739
2662,2.38333756329078
2663,2.37298072061534
2664,2.34323873556665
2665,2.34878246712147
2666,2.35644771547223
2667,2.34705142307246
2668,2.34891490212237
2669,2.34602395336606
2670,2.33701014923585
2671,2.34667449233493
2672,2.33783184326094
2673,2.33061644185667
2674,2.33559381441035
2675,2.37650392577572
2676,2.36159273749942
2677,2.36645793539064
2678,2.34141338212731
2679,2.30628024588816
2680,2.29201013866351
2681,2.33142575598785
2682,2.31804178021278
2683,2.32528381687285
2684,2.31980423422539
2685,2.32695288358764
2686,2.31922676000001
2687,2.30380171525456
2688,2.3135596366482
2689,2.316447306844
2690,2.31421134771444
2691,2.28715245710489
2692,2.28907649173106
2693,2.32053339666473
2694,2.32720611256741
2695,2.33608389377029
2696,2.36886841394574
2697,2.33284526959681
2698,2.34757169734498
2699,2.34062761118494
2700,2.28501652551924
2701,2.29742025827432
2702,2.29370379021322
2703,2.29779687086565
2704,2.30934406647415
2705,2.31596856477119
2706,2.30772827377436
2707,2.30289070793472
2708,2.31220168346499
2709,2.29980348546451
2710,2.27233485373304
2711,2.3208937158392
2712,2.35768254852948
2713,2.36397704279861
2714,2.41638983795366
2715,2.40347195375971
2716,2.44149513818771
2717,2.41202297255552
2718,2.4209228067313
2719,2.45289648154517
2720,2.47497876953407
2721,2.48407185256981
2722,2.45485119692759
2723,2.49573479850938
2724,2.51011333011605
2725,2.47840066145833
2726,2.48901495179865
2727,2.47044282513852
2728,2.48288546494453
2729,2.46925123090023
2730,2.5013549166443
2731,2.4666754267019
2732,2.4817315496887
2733,2.48409675183469
2734,2.48359433118699
2735,2.44305179721065
2736,2.43873307995992
2737,2.41811697593203
2738,2.38483484885973
2739,2.38056983006993
2740,2.3869515284999
2741,2.40433056876453
2742,2.40426015405424
2743,2.43374741920761
2744,2.39914235684426
2745,2.39768349983925
2746,2.39910076423701
2747,2.36969408473863
2748,2.37560186413154
2749,2.37923623917444
2750,2.39620324074463
2751,2.37581419320389
2752,2.3877299925381
2753,2.38595001714182
2754,2.39694653673696
2755,2.3902391833766
2756,2.41690529195907
2757,2.39295327854276
2758,2.39174232050419
2759,2.40634340137599
2760,2.37060835896042
2761,2.38731737166383
2762,2.35411886214863
2763,2.38027235511532
2764,2.38866925435545
2765,2.39147576587689
2766,2.42561355133975
2767,2.41928083600559
2768,2.42991785493255
2769,2.40993779844241
2770,2.39748901389245
2771,2.38251759828088
2772,2.3808363261242
2773,2.41736043271686
2774,2.42143109373055
2775,2.44977680573907
2776,2.43323475271121
2777,2.40421064450771
2778,2.40741261639654
2779,2.36279567523471
2780,2.35838637426718
2781,2.32934699804685
2782,2.37188948657385
2783,2.3799184334377
2784,2.37796269435549
2785,2.38333563745076
2786,2.3738020285729
2787,2.38343781007035
2788,2.38563250483076
2789,2.37003471953133
2790,2.36823510490179
2791,2.35932082700736
2792,2.37050010299139
2793,2.40479021355756
2794,2.3953104062972
2795,2.36698510058241
2796,2.36776157518616
2797,2.34242032750342
2798,2.34147046476985
2799,2.36381861079028
2800,2.37356672973026
2801,2.39306469697232
2802,2.42083189026875
2803,2.43744862466031
2804,2.46490480527416
2805,2.47514538589945
2806,2.4926334801309
2807,2.51718513320514
2808,2.44354875199559
2809,2.42106770738102
2810,2.42147647434857
2811,2.43126222818339
2812,2.41660598733748
2813,2.43912318256449
2814,2.43232990925362
2815,2.42923493794677
2816,2.44960304595313
2817,2.41758279964068
2818,2.37003001548701
2819,2.38300394938966
2820,2.37633757854189
2821,2.39907786736583
2822,2.40724882877326
2823,2.43573968603701
2824,2.44466089195151
2825,2.47912025795256
2826,2.48902309003108
2827,2.48273459985619
2828,2.48210164743397
2829,2.46948854965453
2830,2.45492428047329
2831,2.44969606200527
2832,2.42827045511624
2833,2.41882791562777
2834,2.45856952553012
2835,2.46462986943764
2836,2.47910786687773
2837,2.48831784502664
2838,2.49562188019203
2839,2.47253855359648
2840,2.47889311489819
2841,2.46019089668713
2842,2.50624095585346
2843,2.54569475834885
2844,2.41666920382073
2845,2.41896258686782
2846,2.42814222856288
2847,2.41071758454015
2848,2.4340838892044
2849,2.44264771275231
2850,2.44595806992383
2851,2.43541126250908
2852,2.44237496848433
2853,2.46581906869903
2854,2.45111736524879
2855,2.46153669785117
2856,2.45745373873095
2857,2.43830159631106
2858,2.44307549755445
2859,2.46303970308952
2860,2.4696355423545
2861,2.48915152072746
2862,2.47996782100251
2863,2.4676767826191
2864,2.4803084980613
2865,2.45480154401449
2866,2.49932969708377
2867,2.48275469495982
2868,2.52466083810316
2869,2.53428808806017
2870,2.5251623097204
2871,2.47841488049227
2872,2.48684035844917
2873,2.477305272244
2874,2.50538511297402
2875,2.52127456527138
2876,2.51078224245799
2877,2.5176738585742
2878,2.51696689261763
2879,2.51116672695917
2880,2.52452118792163
2881,2.53847224789067
2882,2.52440441273387
2883,2.53379773354833
2884,2.52722059140984
2885,2.49977502579234
2886,2.48830235635839
2887,2.4743786143261
2888,2.46885331620033
2889,2.46887449658019
2890,2.47265891593435
2891,2.49270203819836
2892,2.52025663561239
2893,2.5414400659381
2894,2.55040655383464
2895,2.55922448367136
2896,2.55370062317153
2897,2.58218268020109
2898,2.5245735371698
2899,2.50621946550464
2900,2.50726865758381
2901,2.50698652204784
2902,2.48125299606156
2903,2.46013433987931
2904,2.46640903514842
2905,2.48194496727384
2906,2.48847641104055
2907,2.5071588510913
2908,2.51592011500233
2909,2.52309343258009
2910,2.52266261889223
2911,2.49249677411282
2912,2.50390489894084
2913,2.48708428887124
2914,2.5084269588203
2915,2.48870784894416
2916,2.50103028911975
2917,2.51295609750545
2918,2.52335211198789
2919,2.52046916430174
2920,2.53264267134321
2921,2.53417247291517
2922,2.5463366660712
2923,2.53087934641945
2924,2.5452827415135
2925,2.51909061831793
2926,2.50694685202504
2927,2.48833055778522
2928,2.49504437635736
2929,2.5086129467606
2930,2.50346360486966
2931,2.47418903892478
2932,2.46658782122176
2933,2.47844399521012
2934,2.46014275457614
2935,2.48505213824526
2936,2.49289592170382
2937,2.47627621377029
2938,2.49697560657691
2939,2.48674603565979
2940,2.47094921127453
2941,2.4548045766071
2942,2.43319369729599
2943,2.40517720857954
2944,2.39916077050276
2945,2.36970405684084
2946,2.40625537967438
2947,2.41404562715525
2948,2.395952559314
2949,2.37333597640549
2950,2.38916126882319
2951,2.38918837528568
2952,2.39154825426117
2953,2.41592092212637
2954,2.43221140246435
2955,2.44516339301325
2956,2.43852525114453
2957,2.41728675274092
2958,2.39632884536562
2959,2.39046614679407
2960,2.3970230232479
2961,2.37685722095114
2962,2.3739172867753
2963,2.40045926582573
2964,2.37153329801753
2965,2.36921290123431
2966,2.38641729091706
2967,2.35795353802959
2968,2.38666183858444
2969,2.39288571764655
2970,2.41241893301879
2971,2.40847845572981
2972,2.44740382166927
2973,2.43449160788327
2974,2.43190101729201
2975,2.40636830823656
2976,2.42148186565689
2977,2.44169395844327
2978,2.42045362911502
2979,2.40001553663098
2980,2.37213453151122
2981,2.40800770754995
2982,2.40220279734089
2983,2.4076941144832
2984,2.37739978694285
2985,2.3416247251377
2986,2.34503283182916
2987,2.33815960688852
2988,2.35406632325088
2989,2.35036826210072
2990,2.33882237549639
2991,2.36865210254847
2992,2.37271594160659
2993,2.35111755512739
2994,2.32856180458989
2995,2.35142158762756
2996,2.34551859661025
2997,2.36024933368631
2998,2.36830123734546
2999,2.3831144844959
3000,2.38596448436422
3001,2.39050398764715
3002,2.38400310156496
3003,2.36808958920895
3004,2.36955698985997
3005,2.35393736181467
3006,2.37479959623624
3007,2.35926049381979
3008,2.36148597876496
3009,2.36812678949996
3010,2.34676196827407
3011,2.38786487720208
3012,2.38551572310797
3013,2.38980139126027
3014,2.34360538649005
3015,2.3093224208111
3016,2.31052522403732
3017,2.29559878859587
3018,2.2943790012248
3019,2.25516207624264
3020,2.25703243529614
3021,2.26998312778277
3022,2.29530573173764
3023,2.29613271686705
3024,2.28897759811559
3025,2.28904862731721
3026,2.31152878580566
3027,2.31207181610961
3028,2.30425559275999
3029,2.31655453693688
3030,2.30599662769566
3031,2.32585353135007
3032,2.29658324494522
3033,2.29252228091955
3034,2.32209467402139
3035,2.30745338854601
3036,2.30300161461521
3037,2.30714129176147
3038,2.29461624155177
3039,2.27113921904493
3040,2.23325863639508
3041,2.21153962139791
3042,2.16455153229774
3043,2.01749337911855
3044,1.98535368784196
3045,2.02333698357077
3046,2.01566922441484
3047,2.01260259790805
3048,2.01166695931997
3049,2.02662908299905
3050,2.02088699655332
3051,2.01526674393103
3052,2.01359568508084
3053,2.00405582304799
3054,2.00168753430009
3055,2.03181744887883
3056,2.04501784364902
3057,2.04821996631321
3058,2.06452391008629
3059,2.05292345384345
3060,2.06917021181183
3061,2.05857257050729
3062,2.06693194209917
3063,2.03785642200167
3064,2.04275862123387
3065,2.04577318057818
3066,2.04511667860387
3067,2.04021015849887
3068,2.05128653316992
3069,2.03816346046199
3070,2.03672187002285
3071,2.02975701233069
3072,2.04158829263498
3073,2.04986240105055
3074,2.05211560637301
3075,2.05769975269712
3076,2.05607452465839
3077,2.07663275702666
3078,2.07849510215069
3079,2.08157451389037
3080,2.06896720411765
3081,2.05493240355219
3082,2.05032173469575
3083,2.03662844596909
3084,2.03738531546963
3085,2.0385392004656
3086,2.02203425535367
3087,2.01413605771253
3088,2.01167836862251
3089,2.01551222015331
3090,2.02523879400118
3091,2.02532377072709
3092,2.01340043676194
3093,2.01052304641161
3094,2.01654281963164
3095,2.02477234335051
3096,2.01658303475108
3097,2.02520304198526
3098,2.03446329225016
3099,2.02751270682062
3100,2.03187014760216
3101,2.03511554139828
3102,2.05052483043036
3103,2.04666240098786
3104,2.04296404950526
3105,2.04284991588268
3106,2.05116904160085
3107,2.05550335778769
3108,2.051707767932
3109,2.06181584017875
3110,2.06278142445046
3111,2.07293117987143
3112,2.06771777429563
3113,2.06555769333661
3114,2.05962025067342
3115,2.07317573938909
3116,2.09818858092708
3117,2.10721549923492
3118,2.11780447248616
3119,2.12199441990725
3120,2.11243699385756
3121,2.112692752669
3122,2.1158286579621
3123,2.1038098572888
3124,2.11241228088318
3125,2.11293742933742
3126,2.11062468863633
3127,2.10066397499462
3128,2.09258223338082
3129,2.09436595220571
3130,2.1004779240711
3131,2.09720731661267
3132,2.08882489018313
3133,2.09401267091866
3134,2.08527417490777
3135,2.08317622411888
3136,2.09398443439257
3137,2.0948865360431
3138,2.09547802466201
3139,2.09456203325526
3140,2.0849089103617
3141,2.10092615565994
3142,2.09039912439101
3143,2.09043523019608
3144,2.08477802600857
3145,2.08669759168736
3146,2.07796576926955
3147,2.06321487954211
3148,2.08180174758856
3149,2.06636861269119
3150,2.064776954024
3151,2.06931366356829
3152,2.05807468664534
3153,2.05876296980932
3154,2.06356014247407
3155,2.05547390263849
3156,2.06900759341585
3157,2.05548633036909
3158,2.06868878262787
3159,2.06447552479873
3160,2.06274956738929
3161,2.07508154154186
3162,2.06497780321055
3163,2.06640473083416
3164,2.06497401281698
3165,2.08618720280166
3166,2.08520218281051
3167,2.09398022491195
3168,2.08536493449464
3169,2.08756282023304
3170,2.0715162962428
3171,2.05526115029695
3172,2.03709741056676
3173,2.04951443834122
3174,2.06014902130852
3175,2.06647511353818
3176,2.07344521596639
3177,2.05993047652863
3178,2.04896973148754
3179,2.04799680962324
3180,2.05247325423999
3181,2.06117472533353
3182,2.06835203881857
3183,2.08015057381107
3184,2.07400972398575
3185,2.09040929820128
3186,2.08363573024053
3187,2.07079949618335
3188,2.08483931214002
3189,2.08106864395409
3190,2.08444827579041
3191,2.09140667445544
3192,2.09767039314037
3193,2.12592697953473
3194,2.10370068839549
3195,2.12469722689212
3196,2.13685770905204
3197,2.1057399745064
3198,2.11095019727586
3199,2.11827302385873
3200,2.1178328457699
3201,2.10219231408622
3202,2.06996112694897
3203,2.06765857741763
3204,2.05578945933477
3205,2.0500963972001
3206,2.05133307639417
3207,2.05007773802597
3208,2.03479959724584
3209,2.02459565641686
3210,2.00878025048073
3211,2.01327764950696
3212,2.01394173834729
3213,1.992489254697
3214,1.99718452429693
3215,2.00006443035079
3216,2.00878091300131
3217,2.01700258193723
3218,2.01069157466395
3219,2.0116154293014
3220,2.01206307150466
3221,1.99680324997339
3222,2.01073979105732
3223,2.00558837381421
3224,2.00620444732084
3225,1.9896043122471
3226,1.9823503415613
3227,2.00228562814874
3228,1.97399965285055
3229,1.97550485777356
3230,1.97378118417609
3231,1.96886107877533
3232,1.9665359919853
3233,1.97056274625117
3234,1.95054459264784
3235,1.96833816471099
3236,1.97101119859369
3237,1.96381397920313
3238,1.96690556505336
3239,1.96774486804796
3240,1.96623621330894
3241,1.97149730288979
3242,1.97070840186959
3243,1.97652168838774
3244,1.98154218307332
3245,1.9853661663567
3246,1.96227355103763
3247,1.95263660200907
3248,1.94183422138869
3249,1.94721636685654
3250,1.94891578971251
3251,1.94559624535802
3252,1.94103244036939
3253,1.95710578725599
3254,1.95841647665976
3255,1.9561538745545
3256,1.95441458884054
3257,1.95820236607381
3258,1.94838781095819
3259,1.9444661809224
3260,1.95375865067715
3261,1.9485590258412
3262,1.95229754726048
3263,1.94388735816405
3264,1.96351277649012
3265,1.97134550011472
3266,1.97695710900282
3267,1.97784390995466
3268,1.99157613511353
3269,2.00386434305599
3270,2.01266146019651
3271,2.02140009845555
3272,2.03923240391535
3273,2.03957931988938
3274,2.03332092140392
3275,2.04057653856165
3276,2.0499714460654
3277,2.05092270736211
3278,2.06060008351024
3279,2.06750112670173
3280,2.05514069761759
3281,2.06130991568909
3282,2.06326833295305
3283,2.04374437486696
3284,2.04498117370977
3285,2.0241317174285
3286,2.02627335727463
3287,2.02761757844679
3288,2.04910922049416
3289,2.04145107593953
3290,2.04888352368724
3291,2.0551816864529
3292,2.07516830550666
3293,2.07977482845741
3294,2.08022138217402
3295,2.08462760943979
3296,2.10534048996575
3297,2.09260116852669
3298,2.08082832984925
3299,2.06545656056229
3300,2.08186702267148
3301,2.07962550543079
3302,2.06226470269343
3303,2.05624239246325
3304,2.07380814580672
3305,2.07238557752382
3306,2.06710169931688
3307,2.06353646734049
3308,2.06250086726046
3309,2.07353694396716
3310,2.09013090751891
3311,2.09659810033992
3312,2.10105950747098
3313,2.06757745560821
3314,2.0907294568978
3315,2.08361408664206
3316,2.06056374244679
3317,2.07675781605956
3318,2.07559706248199
3319,2.10683773583066
3320,2.10502446247677
3321,2.11604956981237
3322,2.13071305648229
3323,2.09341204572772
3324,2.10617493126463
3325,2.08618153682707
3326,2.07153740000595
3327,2.07665348316161
3328,2.09228230260424
3329,2.09694358068186
3330,2.06983724902145
3331,2.07003114026196
3332,2.06840978445084
3333,2.05616243263609
3334,2.07242946595391
3335,2.05079097743169
3336,2.04472317852591
3337,2.0507084150994
3338,2.06144390111104
3339,2.0463044345596
3340,2.0509221090463
3341,2.06036767229312
3342,2.0392087249534
3343,2.04306810292664
3344,2.02779323333854
3345,2.01069362252332
3346,2.0040670256929
3347,2.02179599260236
3348,2.0040711277754
3349,2.02087595188601
3350,2.03031029773813
3351,2.01298177685774
3352,2.0333387622714
3353,2.06020972698326
3354,2.04729656541775
3355,2.01861948565042
3356,2.02463447007978
3357,2.01354695905229
3358,1.99421703956591
3359,1.99897652497938
3360,2.01220695777872
3361,2.03418624798456
3362,2.05358893679832
3363,2.048677215959
3364,2.07902944432826
3365,2.1153399245056
3366,2.14610513300943
3367,2.15863175428885
3368,2.16903108708698
3369,2.19550734871166
3370,2.19838579194553
3371,2.19201739109892
3372,2.19802759576118
3373,2.23280554631532
3374,2.25525735992502
3375,2.31314728334055
3376,2.40193233361975
3377,2.36000912249592
3378,2.34584288744508
3379,2.34201289009127
3380,2.34541507178429
3381,2.34582551507572
3382,2.33076433501839
3383,2.33279284199492
3384,2.32355607603092
3385,2.3212904892612
3386,2.3202615398032
3387,2.32540445845969
3388,2.32408884453824
3389,2.33139967732904
3390,2.32926521892327
3391,2.32988327251372
3392,2.32039190077638
3393,2.3175554907759
3394,2.31324790990234
3395,2.32647689073584
3396,2.33284760214926
3397,2.32921387586192
3398,2.33378905187619
3399,2.34072763051692
3400,2.33579188511812
3401,2.33621565940132
3402,2.34089732021842
3403,2.33687312338719
3404,2.33777060585489
3405,2.33426679522364
3406,2.33181482883479
3407,2.31246777778332
3408,2.29568427885564
3409,2.29789440703081
3410,2.3067250274186
3411,2.31599070380514
3412,2.31162752217664
3413,2.30924991478913
3414,2.30556607387274
3415,2.32097564257677
3416,2.30761347511668
3417,2.31444819168507
3418,2.31739299198003
3419,2.32049033883619
3420,2.31512190432122
3421,2.31400000549087
3422,2.32255035954983
3423,2.32927980902389
3424,2.33840440349448
3425,2.34700884602987
3426,2.34155751311934
3427,2.34154197220664
3428,2.32354545578654
3429,2.32151037323351
3430,2.31766812988309
3431,2.29679768981855
3432,2.29511235123696
3433,2.28930555632835
3434,2.28465225362614
3435,2.27649121009183
3436,2.26641480602732
3437,2.24280402110806
3438,2.23991559814478
3439,2.23777333595954
3440,2.24588431339356
3441,2.25022229556004
3442,2.23293235254177
3443,2.25406362114012
3444,2.24953642906966
3445,2.25110278548414
3446,2.25900289607162
3447,2.27111195089213
3448,2.27047562982389
3449,2.2580790801768
3450,2.26469149912765
3451,2.27153540714834
3452,2.26069443392195
3453,2.25711910690268
3454,2.245197274119
3455,2.2427020010634
3456,2.2628180025654
3457,2.26558646006629
3458,2.28250050620994
3459,2.28705626336128
3460,2.27733758307827
3461,2.26752932592229
3462,2.259078759103
3463,2.2674003400029
3464,2.27796556351524
3465,2.27533303893211
3466,2.293671007651
3467,2.30459750830898
3468,2.30010967675222
3469,2.31675130945018
3470,2.31439655698205
3471,2.30990603521221
3472,2.30871609296175
3473,2.32426805358087
3474,2.34314207082548
3475,2.32991763289229
3476,2.34629430825254
3477,2.35429086786629
3478,2.34755143342139
3479,2.34794419471702
3480,2.34071489590534
3481,2.34714034683597
3482,2.34364726660533
3483,2.34533552012218
3484,2.34256382759005
3485,2.32813200730194
3486,2.32791603528259
3487,2.33211649660157
3488,2.34213623859534
3489,2.32979901207929
3490,2.32342623179952
3491,2.3294758056694
3492,2.32676403724579
3493,2.33297909720907
3494,2.3325247031858
3495,2.34236762514252
3496,2.33771807290984
3497,2.34461722402199
3498,2.36657487605147
3499,2.37059623427035
3500,2.37098385310912
3501,2.35692353309451
3502,2.36154341409372
3503,2.37278541791594
3504,2.36145488311658
3505,2.38870780245062
3506,2.36991275823005
3507,2.3751967335401
3508,2.38516992344418
3509,2.38617637632345
3510,2.39129241378554
3511,2.38785744733778
3512,2.38213193159816
3513,2.37879761880675
3514,2.39580029331825
3515,2.39462277710271
3516,2.4012288928551
3517,2.42821150220203
3518,2.45290188296681
3519,2.42097197180652
3520,2.43300443526464
3521,2.43514808368759
3522,2.43511803689154
3523,2.43759926766024
3524,2.46265056328352
3525,2.43107484517002
3526,2.41572765581241
3527,2.4015711036981
3528,2.39833115657149
3529,2.40221458301161
3530,2.40209678921864
3531,2.40651730552127
3532,2.4077272270623
3533,2.40506563922875
3534,2.39814326122015
3535,2.39827862642696
3536,2.39460727739945
3537,2.38955889526147
3538,2.38816102332127
3539,2.38693905317544
3540,2.38468627484548
3541,2.37234325814685
3542,2.36900256193468
3543,2.35812568082515
3544,2.35131363111191
3545,2.34473512563844
3546,2.33384876876645
3547,2.35089791345678
3548,2.34428614161181
3549,2.33947294258325
3550,2.3345402795701
3551,2.33317923935263
3552,2.34708611104907
3553,2.33080700318271
3554,2.34838023699436
3555,2.34409690492305
3556,2.34834166696487
3557,2.34790838685723
3558,2.35646707167837
3559,2.36234770566071
3560,2.35808904450346
3561,2.35151647126766
3562,2.34190281657308
3563,2.35079360349883
3564,2.35914942086829
3565,2.35266865646154
3566,2.35165416207126
3567,2.340039159508
3568,2.34467046382937
3569,2.34425580950354
3570,2.35232036059861
3571,2.36064388927195
3572,2.36352374143993
3573,2.36696015668821
3574,2.37047456521912
3575,2.36532901867508
3576,2.36475454479518
3577,2.36226147889181
3578,2.35939333824729
3579,2.37162859612414
3580,2.38777737974445
3581,2.40310159834945
3582,2.39795067844962
3583,2.39248699278072
3584,2.38959369842908
3585,2.37799458847689
3586,2.39086222808717
3587,2.39171116465169
3588,2.38985630856995
3589,2.39404892066409
3590,2.39792027681716
3591,2.4059134356896
3592,2.40981280958658
3593,2.42654068951617
3594,2.43167868984019
3595,2.44861912921835
3596,2.44208447385674
3597,2.44787192363353
3598,2.45171824470265
3599,2.45199827589602
3600,2.4587581035313
3601,2.46317599537625
3602,2.45793469019532
3603,2.46052159736897
3604,2.46873742656786
3605,2.47189782103672
3606,2.47347978686755
3607,2.48054645046302
3608,2.48310684062964
3609,2.44237441255175
3610,2.44642982698551
3611,2.44583907286618
3612,2.44498408667591
3613,2.46040426197874
3614,2.45461493716474
3615,2.46175011220605
3616,2.46172154932963
3617,2.46030220718969
3618,2.44841334693218
3619,2.44938303386296
3620,2.4388899859832
3621,2.45001981728043
3622,2.45824031586309
3623,2.44781644372466
3624,2.44473493630173
3625,2.45227373846765
3626,2.4465581594156
3627,2.43349473581485
3628,2.43645539352575
3629,2.43159433620775
3630,2.44055034866059
3631,2.43867264286035
3632,2.44710211592233
3633,2.44632501257741
3634,2.44180321664041
3635,2.43928360240596
3636,2.42978749275173
3637,2.42118840826453
3638,2.41922466334415
3639,2.40685355244597
3640,2.39925963083527
3641,2.3970950569948
3642,2.40046081009954
3643,2.40863411006692
3644,2.39944975255176
3645,2.39727065910315
3646,2.41633114576528
3647,2.4084401128689
3648,2.40983294984858
3649,2.41469598822763
3650,2.4090515919875
3651,2.40904779542797
3652,2.42599351448436
3653,2.42814277250553
3654,2.4281876404763
3655,2.44073808618433
3656,2.41669176389124
3657,2.4272401037718
3658,2.43873785890189
3659,2.42390932455166
3660,2.41319485824285
3661,2.4195260102317
3662,2.43205778401787
3663,2.42429411228622
3664,2.41921806770969
3665,2.40252494112466
3666,2.38841612897841
3667,2.37674835532851
3668,2.36267428280056
3669,2.37676243722126
3670,2.3843991059257
3671,2.38065966798939
3672,2.38651950792348
3673,2.38906513828908
3674,2.38220522392828
3675,2.3706696349582
3676,2.38506709214851
3677,2.37778267759643
3678,2.37472445237231
3679,2.40243568114005
3680,2.41458229805072
3681,2.41446364592053
3682,2.41535066082747
3683,2.40270016568014
3684,2.41020884870139
3685,2.41999289770826
3686,2.42918420732828
3687,2.43485683072368
3688,2.438057359465
3689,2.44569256007866
3690,2.45117410647509
3691,2.43788962186125
3692,2.43003116051739
3693,2.4338605006601
3694,2.41701415098722
3695,2.428349390117
3696,2.43334733427409
3697,2.42605287256953
3698,2.43561922876094
3699,2.43288423944414
3700,2.42112639470992
3701,2.39332883460677
3702,2.38836555344685
3703,2.38595733649296
3704,2.38728548460443
3705,2.39233599320056
3706,2.37437315939192
3707,2.38226207833964
3708,2.38491002353851
3709,2.36742430246289
3710,2.37218456930105
3711,2.36833878458003
3712,2.36853553828448
3713,2.36991090601131
3714,2.36588298696645
3715,2.35068448830314
3716,2.36807300445417
3717,2.3680595908088
3718,2.37690879663458
3719,2.3836672733376
3720,2.36742715557306
3721,2.38385194018479
3722,2.37469744142467
3723,2.37921219413246
3724,2.35503251229685
3725,2.36123727129631
3726,2.35803050948735
3727,2.37573941725944
3728,2.37607372338601
3729,2.37744998791664
3730,2.37891046318821
3731,2.38506316973186
3732,2.40509567675422
3733,2.39303080600001
3734,2.39161844275635
3735,2.39935284749825
3736,2.38877762494219
3737,2.387558927083
3738,2.38606417862213
3739,2.38791181001792
3740,2.38501136904941
3741,2.37034574041871
3742,2.35839747994237
3743,2.37354641789688
3744,2.37734315396606
3745,2.37366715785439
3746,2.38324111347824
3747,2.38273683798965
3748,2.37007272136583
3749,2.37581711798009
3750,2.37083290429169
3751,2.35546341352912
3752,2.36108110962697
3753,2.36163362091753
3754,2.36685975291815
3755,2.3802274944701
3756,2.38641232777824
3757,2.38081579265893
3758,2.37401375618024
3759,2.38142967413389
3760,2.38173539367677
3761,2.36654799252656
3762,2.35742682848624
3763,2.34570228151136
3764,2.33790670412589
3765,2.34389970219661
3766,2.34588655574977
3767,2.33813825325157
3768,2.33086993422247
3769,2.35305423002813
3770,2.33073197894623
3771,2.33237223896791
3772,2.32132512942103
3773,2.33189126830777
3774,2.33778853934364
3775,2.34015719901774
3776,2.3333161573442
3777,2.32496703663623
3778,2.32360289438648
3779,2.33126243626789
3780,2.33240780761731
3781,2.35255543873839
3782,2.37111329024692
3783,2.3776527467802
3784,2.38101589384853
3785,2.37139275590221
3786,2.36839992109799
3787,2.37829567212123
3788,2.37954493390115
3789,2.37200425000936
3790,2.37568402908852
3791,2.37947616319778
3792,2.38447625167848
3793,2.41483699071943
3794,2.40543515598685
3795,2.40446518866761
3796,2.39643575778536
3797,2.39958089022699
3798,2.40456996745056
3799,2.41302437317106
3800,2.40833182183395
3801,2.41206901785279
3802,2.40163363138195
3803,2.38913272422854
3804,2.38612520050029
3805,2.38997579494536
3806,2.4071812073644
3807,2.40426649905577
3808,2.40503742792134
3809,2.40819625293568
3810,2.4208257443025
3811,2.42155906233696
3812,2.42156756909606
3813,2.42120196363293
3814,2.43120538887218
3815,2.42186350701866
3816,2.43353241844283
3817,2.43627758019581
3818,2.44565906662842
3819,2.44377893477846
3820,2.44145918779782
3821,2.43379610239376
3822,2.42027048838388
3823,2.43260650191662
3824,2.44205515061597
3825,2.43576977575059
3826,2.43343084430304
3827,2.42238146721033
3828,2.4315948592449
3829,2.42315142187309
3830,2.42632022508537
3831,2.41372174089195
3832,2.4044883065828
3833,2.41210601873191
3834,2.42300492595627
3835,2.42114497510951
3836,2.44642695137949
3837,2.44215154014068
3838,2.43613021812993
3839,2.42547079088276
3840,2.41642408657611
3841,2.41764416279628
3842,2.41380293513333
3843,2.40800765300358
3844,2.42370771255415
3845,2.41001822569732
3846,2.42348255160365
3847,2.44745905208217
3848,2.46452526982913
3849,2.45055733949295
3850,2.45081457449322
3851,2.46060510885266
3852,2.45134551270536
3853,2.4594069253819
3854,2.47350335766833
3855,2.46650291099655
3856,2.45066183059134
3857,2.45610762566463
3858,2.44302263396418
3859,2.43972334847928
3860,2.45371224182346
3861,2.45367758147788
3862,2.46562856245063
3863,2.45597242574095
3864,2.4631797047409
3865,2.45245576101885
3866,2.44785743793022
3867,2.45053501165537
3868,2.45832370419012
3869,2.45931891727889
3870,2.4837010783759
3871,2.47871494923319
3872,2.46634267680904
3873,2.46889545817661
3874,2.46247773162306
3875,2.45582690067548
3876,2.45692003945258
3877,2.45888033294258
3878,2.46467163185331
3879,2.47319894871249
3880,2.48106326750243
3881,2.48769441766339
3882,2.47047968883078
3883,2.46596743034249
3884,2.46655049076751
3885,2.45825044956965
3886,2.46880324254493
3887,2.46356342597826
3888,2.45778179361321
3889,2.4734725247668
3890,2.47371815163427
3891,2.48953854465356
3892,2.48865962855743
3893,2.48629449819157
3894,2.50279637656291
3895,2.55001610107393
3896,2.49479143686631
3897,2.4983289448115
3898,2.48733099826352
3899,2.51763979044918
3900,2.52379300539632
3901,2.51582870545275
3902,2.49939007164692
3903,2.50183015381171
3904,2.50756764448991
3905,2.49636098085144
3906,2.48703257296973
3907,2.48840513630057
3908,2.5065805816879
3909,2.525631949073
3910,2.52993221529805
3911,2.52318687326616
3912,2.52111624261209
3913,2.50659585409118
3914,2.49511875374117
3915,2.47293408501105
3916,2.48627006727955
3917,2.48775918972268
3918,2.4657492343377
3919,2.4579861097998
3920,2.4664560134963
3921,2.46260780865396
3922,2.46725013074451
3923,2.47765779578386
3924,2.48980214942026
3925,2.48275281817755
3926,2.47459139129978
3927,2.47546913082051
3928,2.47648082313732
3929,2.46585697081201
3930,2.47078346901339
3931,2.47207047651753
3932,2.45931896136256
3933,2.44838431214629
3934,2.45590353974767
3935,2.47035752236309
3936,2.47250645130858
3937,2.47551159509089
3938,2.46910034163616
3939,2.46835106114003
3940,2.47031353233703
3941,2.45982520799459
3942,2.4599139960177
3943,2.47796288581162
3944,2.47640741399061
3945,2.49008771888587
3946,2.50326060074673
3947,2.51843249737782
3948,2.53434919952664
3949,2.53278186481368
3950,2.53813690188675
3951,2.53466982262938
3952,2.53004062079916
3953,2.53279398261338
3954,2.53228037088645
3955,2.53865087654748
3956,2.52829365858159
3957,2.50958073606748
3958,2.50257050050954
3959,2.51166184585142
3960,2.50404686883647
3961,2.49294745896412
3962,2.4914250636331
3963,2.48725241430336
3964,2.49417235753089
3965,2.4711360363693
3966,2.43707773642782
3967,2.45908299093071
3968,2.46239296028313
3969,2.45931052184267
3970,2.44884268662208
3971,2.46967650340401
3972,2.471739583399
3973,2.47718583808861
3974,2.47257097567633
3975,2.4559647666614
3976,2.44438032753265
3977,2.4568392487777
3978,2.44769561230888
3979,2.43367630923834
3980,2.42585477070475
3981,2.44313811673056
3982,2.43605714935996
3983,2.45516277725246
3984,2.48786913906317
3985,2.48553159339025
3986,2.4892662227766
3987,2.47611811188665
3988,2.47294233727999
3989,2.51504054331917
3990,2.48167124746672
3991,2.47577207775129
3992,2.47568378641344
3993,2.46711273195686
3994,2.43306246649141
3995,2.43467714214344
3996,2.44737869229067
3997,2.43098859318163
3998,2.43822978993345
3999,2.42384325683192
4000,2.42575561896928
4001,2.41003585319405
4002,2.40902800800542
4003,2.40770589418047
4004,2.4229881412353
4005,2.41232872010954
4006,2.40379985788826
4007,2.42273138870569
4008,2.43400248788504
4009,2.43917489159927
4010,2.43496023760937
4011,2.40727853662205
4012,2.41643191501933
4013,2.40349949359274
4014,2.37958524290949
4015,2.36804891522201
4016,2.38641764112834
4017,2.3925414950693
4018,2.40404244996227
4019,2.40586662971137
4020,2.4220850207856
4021,2.41794792380386
4022,2.40632433021832
4023,2.41078426459647
4024,2.41089444943126
4025,2.41605712590269
4026,2.42169759738826
4027,2.43980193014199
4028,2.40779587625412
4029,2.39944010202372
4030,2.41085915605473
4031,2.3884213503984
4032,2.39330497479713
4033,2.35140643153866
4034,2.31915657245875
4035,2.33939593525528
4036,2.36759911611114
4037,2.35161021849611
4038,2.36444093638716
4039,2.40176537642592
4040,2.40302680699333
4041,2.40796502262945
4042,2.39933482542921
4043,2.38580208885122
4044,2.40285217659772
4045,2.39304097880026
4046,2.37438708150905
4047,2.38469612162971
4048,2.38243959767912
4049,2.37536097502782
4050,2.35973338318083
4051,2.35026882123679
4052,2.35075310837436
4053,2.35628913811954
4054,2.35789839566985
4055,2.34585762103484
4056,2.33320196712412
4057,2.34366285109112
4058,2.33671050161115
4059,2.35633833375709
4060,2.39135486326492
4061,2.38085367618033
4062,2.35175602125176
4063,2.33831146024082
4064,2.31730724488849
4065,2.30512342220649
4066,2.31404886515093
4067,2.30707263472036
4068,2.31668337444082
4069,2.31763395843307
4070,2.32858421075358
4071,2.33741998603003
4072,2.33994764394546
4073,2.33176505554761
4074,2.33510720776912
4075,2.31185144053475
4076,2.30181731919191
4077,2.29471040020703
4078,2.28745949380661
4079,2.28855334011193
4080,2.29198229948067
4081,2.28866942789427
4082,2.27618117388672
4083,2.27291650219058
4084,2.30580974515579
4085,2.30979193838673
4086,2.30802859913293
4087,2.29487666392186
4088,2.2843014593709
4089,2.31549176556188
4090,2.30658532011676
4091,2.31910509241714
4092,2.33926484821332
4093,2.31795463021788
4094,2.30871430124839
4095,2.2948884829704
4096,2.2940985945969
4097,2.31574309968412
4098,2.31873552544522
4099,2.32698536311256
4100,2.32126301351596
4101,2.34618366123259
4102,2.33521515844148
4103,2.32710433562618
4104,2.33114725471668
4105,2.33968506038138
4106,2.32879043899236
4107,2.32753578622088
4108,2.35242474471383
4109,2.37898901373083
4110,2.37972697195917
4111,2.37575954276278
4112,2.37771569659196
4113,2.38837267812923
4114,2.39517077524288
4115,2.40111582129351
4116,2.4057908738161
4117,2.41855593387839
4118,2.42565587166436
4119,2.44129707079586
4120,2.44525985787928
4121,2.43849712671977
4122,2.430804161701
4123,2.41134452071255
4124,2.42710138956139
4125,2.42979133911655
4126,2.44096540248852
4127,2.45683749039913
4128,2.42455550184229
4129,2.40624420116324
4130,2.41492145944139
4131,2.41941558587163
4132,2.41706969887108
4133,2.41967410249651
4134,2.39588140231154
4135,2.38996321911497
4136,2.39668099742272
4137,2.42172531779433
4138,2.4138917294328
4139,2.39731048630995
4140,2.39294954276187
4141,2.39709912254509
4142,2.40523063599963
4143,2.41584824961333
4144,2.39140071318719
4145,2.39768194925546
4146,2.39030437853875
4147,2.39890766618388
4148,2.36836452310479
4149,2.36942739333632
4150,2.36665522982411
4151,2.36329283626424
4152,2.36852878115977
4153,2.34788237693601
4154,2.32298652573905
4155,2.3276389143581
4156,2.3242087784229
4157,2.31595219377158
4158,2.29937851845926
4159,2.31749415419528
4160,2.3094482916866
4161,2.32317282207742
4162,2.30953317159248
4163,2.34204963356876
4164,2.34436032764548
4165,2.3444569861291
4166,2.34542171430988
4167,2.34164039144712
4168,2.32337010833265
4169,2.33213299948809
4170,2.34893492785304
4171,2.34129416268542
4172,2.33742337855554
4173,2.34191899217753
4174,2.3504407980164
4175,2.33141817499459
4176,2.31252026936011
4177,2.29768923646308
4178,2.32538035775553
4179,2.33707098042034
4180,2.31696971151448
4181,2.29355906800421
4182,2.28171934568545
4183,2.28343333264276
4184,2.28146911533501
4185,2.28908283513539
4186,2.3144331979702
4187,2.31683977711458
4188,2.30731467889959
4189,2.30603825951331
4190,2.30873992172798
4191,2.32269205313838
4192,2.3017259689105
4193,2.31685229388554
4194,2.31515737340419
4195,2.27936805895749
4196,2.29769388064875
4197,2.29947769717224
4198,2.26906118857452
4199,2.26032770801157
4200,2.27758962918067
4201,2.28245638599152
4202,2.27128331125574
4203,2.25359232232657
4204,2.29409068090445
4205,2.30079882597723
4206,2.30373004252475
4207,2.31920767212929
4208,2.31515753661621
4209,2.30763709295144
4210,2.29257656745444
4211,2.29793257102548
4212,2.29633420283967
4213,2.30048113525532
4214,2.30313808897173
4215,2.29536234338889
4216,2.30051217144146
4217,2.29749997300052
4218,2.30114632177458
4219,2.33121744687628
4220,2.31654623273098
4221,2.29087239869236
4222,2.31466797807104
4223,2.3489449634307
4224,2.37073515088667
4225,2.35603074255187
4226,2.3606829886654
4227,2.3733453691093
4228,2.37995911935201
4229,2.37840838470652
4230,2.39478314182586
4231,2.37623358682583
4232,2.4021601250376
4233,2.43306580342252
4234,2.40399329934279
4235,2.38658265594356
4236,2.37328123627947
4237,2.3118698525906
4238,2.33906136909698
4239,2.37768024777361
4240,2.36552025261525
4241,2.39058758887626
4242,2.38624831617446
4243,2.3808583996672
4244,2.38493336400188
4245,2.35171638756656
4246,2.34798437848971
4247,2.34419471544445
4248,2.33284985332855
4249,2.3408943711558
4250,2.35620306227948
4251,2.33703366607048
4252,2.3342039329757
4253,2.33750487400014
4254,2.32834193576514
4255,2.33755248358912
4256,2.3370263087514
4257,2.33715496691497
4258,2.33584882402425
4259,2.31196627099902
4260,2.31866248281333
4261,2.32591061544275
4262,2.32047742170613
4263,2.33205508264073
4264,2.32209855345737
4265,2.31157522268282
4266,2.28269679583315
4267,2.27967447503949
4268,2.28832154144487
4269,2.31073293382994
4270,2.30534430676562
4271,2.31536580124751
4272,2.31833103209181
4273,2.30449200704194
4274,2.28117805124665
4275,2.27441294501739
4276,2.26569747621603
4277,2.25964866385055
4278,2.25056818381546
4279,2.24859667959268
4280,2.25041301586116
4281,2.25429127453116
4282,2.27268973269989
4283,2.25788419194797
4284,2.25841109729431
4285,2.23996468594124
4286,2.30247322754662
4287,2.2881287075116
4288,2.27710013262737
4289,2.30075162946971
4290,2.29968011296773
4291,2.29780338659922
4292,2.32507438671311
4293,2.29426752724032
4294,2.27028505638587
4295,2.23549251770297
4296,2.23474932869056
4297,2.23953631644934
4298,2.24007515075246
4299,2.25093429382971
4300,2.25877854803433
4301,2.24793781591072
4302,2.21885293127057
4303,2.2595587490707
4304,2.24473822361244
4305,2.22389927774569
4306,2.21850765466393
4307,2.18637324411216
4308,2.2440831875743
4309,2.23718166595373
4310,2.23068104305184
4311,2.22644620060987
4312,2.23525902875536
4313,2.25462604452952
4314,2.25477856735071
4315,2.26153636081889
4316,2.26063812594435
4317,2.27313571728181
4318,2.27235771406274
4319,2.27966702699212
4320,2.27574105212216
4321,2.28622946487638
4322,2.31283543906266
4323,2.30635847483453
4324,2.31305261429384
4325,2.34674091286988
4326,2.34419027221714
4327,2.35011582898832
4328,2.34624224718481
4329,2.33502748735577
4330,2.33056273232248
4331,2.31717852093676
4332,2.30003244350083
4333,2.30602560948203
4334,2.30350476376003
4335,2.29050054334405
4336,2.28661762825203
4337,2.29395323137425
4338,2.29946921956604
4339,2.29381896076227
4340,2.29644811782082
4341,2.30217554041064
4342,2.29899910586945
4343,2.29579923610976
4344,2.28432697785058
4345,2.29467697415844
4346,2.2920888527587
4347,2.29019610573695
4348,2.2880057904304
4349,2.29618935996175
4350,2.3138495278028
4351,2.30786383128134
4352,2.3161271440238
4353,2.32226960290014
4354,2.31539624014664
4355,2.3174222276664
4356,2.33019039044185
4357,2.33291518800851
4358,2.33116755584157
4359,2.35647217828981
4360,2.35923808099384
4361,2.33322851865495
4362,2.30855349842867
4363,2.33643231453257
4364,2.35501019429794
4365,2.36846016575003
4366,2.35885258246745
4367,2.35895265662629
4368,2.38169469285027
4369,2.36485544072218
4370,2.36469282128598
4371,2.33286291503246
4372,2.31284650771921
4373,2.31089504969823
4374,2.30457283641237
4375,2.28588843777348
4376,2.28370076134912
4377,2.29657001667254
4378,2.25637200568246
4379,2.25576390295552
4380,2.2475126032297
4381,2.22573881679898
4382,2.23889487434221
4383,2.22539845344903
4384,2.22463912173745
4385,2.24406712360994
4386,2.22561146721117
4387,2.24852662894204
4388,2.25692485139822
4389,2.26015316996955
4390,2.2673659010168
4391,2.29420208600444
4392,2.26820883160864
4393,2.27445959210538
4394,2.2785817675577
4395,2.2628468189948
4396,2.24499067535229
4397,2.2524496846292
4398,2.25993928040643
4399,2.26902403061763
4400,2.28553185915515
4401,2.26358192812642
4402,2.244807328826
4403,2.26640015696
4404,2.25143270149129
4405,2.24197566824793
4406,2.227271868037
4407,2.21768720949934
4408,2.20503184526321
4409,2.21642110574931
4410,2.21093079557895
4411,2.20709156367249
4412,2.19965775785585
4413,2.23067517596972
4414,2.20476183834726
4415,2.18907692136995
4416,2.20431355800179
4417,2.20465596841087
4418,2.19547200974032
4419,2.19991449468231
4420,2.19699505142325
4421,2.18525830339956
4422,2.1917183999005
4423,2.20852687219815
4424,2.21289597782041
4425,2.18850367549322
4426,2.20913721819721
4427,2.22962438006793
4428,2.23645666092148
4429,2.24905321474881
4430,2.26664569053326
4431,2.24711560400798
4432,2.26341593251564
4433,2.27562351484849
4434,2.24249442638438
4435,2.24543080969647
4436,2.26636447957399
4437,2.24256235486786
4438,2.21789181065222
4439,2.22809686889596
4440,2.20341694694817
4441,2.19764606783553
4442,2.22429676729596
4443,2.24516639857617
4444,2.24472490309558
4445,2.24672424646215
4446,2.26221143760201
4447,2.23995188411601
4448,2.23117625570282
4449,2.21649641274315
4450,2.21020476836165
4451,2.21680445701986
4452,2.24148335740648
4453,2.23420470828646
4454,2.24227084700914
4455,2.22480251884914
4456,2.22873237971214
4457,2.22166399040119
4458,2.20793068368105
4459,2.19301762735645
4460,2.18964945997397
4461,2.21154222817339
4462,2.19625780342812
4463,2.19276748208142
4464,2.16721143465481
4465,2.1748517940488
4466,2.17165724171451
4467,2.15594456047703
4468,2.15897234868885
4469,2.18125593701739
4470,2.18628358227341
4471,2.18910126935231
4472,2.17870368268504
4473,2.17540205486782
4474,2.16549273321697
4475,2.15527823644359
4476,2.17324214059121
4477,2.14852068780312
4478,2.18307258373025
4479,2.17038543264371
4480,2.17310819839642
4481,2.15546688587716
4482,2.1546261188532
4483,2.17424425198649
4484,2.16399812325182
4485,2.17407772848159
4486,2.17189933060286
4487,2.18551450978484
4488,2.20288120866266
4489,2.20864244389162
4490,2.17842563479331
4491,2.17792118423807
4492,2.16529694143629
4493,2.15771145711741
4494,2.14954233351042
4495,2.16401069123503
4496,2.17426716496325
4497,2.15720371006523
4498,2.16362881322565
4499,2.16991518963454
4500,2.17566507560133
4501,2.18263718391741
4502,2.20383720001174
4503,2.21384334179967
4504,2.19738014769435
4505,2.21326812303312
4506,2.23864692608277
4507,2.2189978069849
4508,2.24294817628419
4509,2.26613791060228
4510,2.23281159658299
4511,2.23518006033165
4512,2.24167161663872
4513,2.24489062899645
4514,2.21282086388328
4515,2.21492978222819
4516,2.22804899080155
4517,2.24075782254804
4518,2.22500527905516
4519,2.21171904864485
4520,2.19627347235519
4521,2.18147520757239
4522,2.19391417787478
4523,2.18728432921116
4524,2.20612513646353
4525,2.22931164869107
4526,2.24184541133803
4527,2.24338784540589
4528,2.20415603008832
4529,2.19620746606585
4530,2.20833036944273
4531,2.22595230478677
4532,2.27145817544499
4533,2.242182954974
4534,2.24944167455555
4535,2.2188492396856
4536,2.20363722110388
4537,2.21097882429043
4538,2.20115335458072
4539,2.22541629307594
4540,2.23675524284917
4541,2.2091282789901
4542,2.21447669368521
4543,2.25147102853368
4544,2.24771390179617
4545,2.23343694561192
4546,2.24978683068784
4547,2.24205456255542
4548,2.27439945646555
4549,2.27028065179251
4550,2.27259923356058
4551,2.25216114975114
4552,2.27025247244194
4553,2.27132564589376
4554,2.29595076515079
4555,2.27568425813118
4556,2.25624169323987
4557,2.26713209850471
4558,2.27224131172759
4559,2.29625787838691
4560,2.32360548050909
4561,2.30946249535216
4562,2.32400418129154
4563,2.35972446886384
4564,2.38391704820597
4565,2.38721879389876
4566,2.41178432302013
4567,2.45898354079581
4568,2.55149748870752
4569,2.64212769988303
4570,2.75209147156562
4571,2.87613076431006
4572,2.8947339661611
4573,2.89377245228913
4574,2.88587313394534
4575,2.90388137377727
4576,2.88014229997484
4577,2.8654999649684
4578,2.85701342835434
4579,2.82986540805178
4580,2.85153350737558
4581,2.84419459535038
4582,2.8240541807228
4583,2.82925589965415
4584,2.84082134731202
4585,2.85459687997747
4586,2.86901917510255
4587,2.87535223340895
4588,2.87400240367308
4589,2.85174763018542
4590,2.8466802352606
4591,2.85303156225938
4592,2.8512954609516
4593,2.85613579775667
4594,2.83325722861412
4595,2.78885453473318
4596,2.76497553702747
4597,2.76977191180657
4598,2.77287614385594
4599,2.76052633790687
4600,2.79016214016015
4601,2.77266747725767
4602,2.77034168408371
4603,2.77048618432794
4604,2.78383520366958
4605,2.76349491819531
4606,2.73834498819105
4607,2.74018454724904
4608,2.72515538983134
4609,2.72035772617378
4610,2.72768965160272
4611,2.71101424595809
4612,2.69337059467816
4613,2.67235305161409
4614,2.63529970962795
4615,2.6603023552729
4616,2.6659520235784
4617,2.666161883737
4618,2.67826545543136
4619,2.69466708048717
4620,2.69579457071008
4621,2.71522861256333
4622,2.72409715157085
4623,2.70097888888818
4624,2.72443885621769
4625,2.72333890659873
4626,2.735511787338
4627,2.75071452722415
4628,2.75816793247119
4629,2.77684147466187
4630,2.78485513489147
4631,2.77924231144979
4632,2.78124469301978
4633,2.77444861882333
4634,2.77851606653973
4635,2.78001467442052
4636,2.76344517042647
4637,2.7675466210967
4638,2.74856688737626
4639,2.73998681887165
4640,2.73543864798176
4641,2.73905850776634
4642,2.73456086720842
4643,2.73785653276153
4644,2.72683093580049
4645,2.72553203836099
4646,2.71676253500826
4647,2.68757141334911
4648,2.68839166141513
4649,2.70812712961669
4650,2.69243839632014
4651,2.69555146956287
4652,2.7011300741604
4653,2.70201657296283
4654,2.67058163707362
4655,2.65749262822828
4656,2.65453029593192
4657,2.65546980522455
4658,2.67214579604186
4659,2.68070216989131
4660,2.66725691974428
4661,2.67115886948949
4662,2.67785486315318
4663,2.66694884427125
4664,2.67322625082573
4665,2.66341443630529
4666,2.64953240037898
4667,2.61556120136499
4668,2.62202745647216
4669,2.60822349388507
4670,2.61589842842094
4671,2.60924087127352
4672,2.58853904985997
4673,2.61689072356381
4674,2.60788952692074
4675,2.59609534629255
4676,2.61292704556627
4677,2.63502078846444
4678,2.61486821990082
4679,2.61521659967931
4680,2.61910809861001
4681,2.62462259781722
4682,2.63557863460667
4683,2.63000988786772
4684,2.61797189709665
4685,2.61863261801684
4686,2.63062359417998
4687,2.62479599868015
4688,2.63325837830106
4689,2.63869504644356
4690,2.65576704527573
4691,2.66295115088775
4692,2.67045814417827
4693,2.6808105236334
4694,2.67445933120317
4695,2.65044037960857
4696,2.65755083360281
4697,2.64875202097056
4698,2.6960180894246
4699,2.68047557090657
4700,2.69988589862686
4701,2.71972420097995
4702,2.7291712488142
4703,2.70998844436155
4704,2.71129403332475
4705,2.68565915958185
4706,2.70088790300628
4707,2.69845010093482
4708,2.70063510232433
4709,2.72100749300895
4710,2.72387154543554
4711,2.72959906206042
4712,2.73944884811576
4713,2.73646837092517
4714,2.73030548530949
4715,2.73107648649754
4716,2.75019580482529
4717,2.77538489014034
4718,2.76797405807547
4719,2.78113923579206
4720,2.79056914052188
4721,2.75657456562295
4722,2.73722637634521
4723,2.73816181974281
4724,2.71818683270569
4725,2.71280732135023
4726,2.72605739405119
4727,2.73009250835244
4728,2.72257479071131
4729,2.74269351697335
4730,2.70160182779807
4731,2.74058657824374
4732,2.73778357087971
4733,2.74201040684533
4734,2.71640977736192
4735,2.72061701116818
4736,2.73922616483019
4737,2.76506537823164
4738,2.74009142129546
4739,2.76073190364598
4740,2.7447242258888
4741,2.76423989589755
4742,2.76734886822749
4743,2.79104185907787
4744,2.80297336987312
4745,2.792192221704
4746,2.80189484710187
4747,2.82004229064324
4748,2.82409474397037
4749,2.82827520199575
4750,2.8308478430091
4751,2.8089093904475
4752,2.8059565086076
4753,2.82985108882531
4754,2.82397930408513
4755,2.8303610209336
4756,2.83847107520153
4757,2.86717077013164
4758,2.8674655954075
4759,2.88135713250835
4760,2.87507648051332
4761,2.86462627115468
4762,2.88005067894003
4763,2.87036032174573
4764,2.86256759101395
4765,2.83004265554425
4766,2.84896915374401
4767,2.87009289747584
4768,2.87664090602999
4769,2.89996081943357
4770,2.86647030040438
4771,2.85826817038761
4772,2.84589021132325
4773,2.85461469939845
4774,2.89994323481472
4775,2.8985373623612
4776,2.91923788017594
4777,2.90469717946083
4778,2.90111018561815
4779,2.90721806203721
4780,2.9033138113804
4781,2.9158378673152
4782,2.9654776051533
4783,2.92355986726964
4784,2.89978818617482
4785,2.92179156363603
4786,2.9200883001827
4787,2.93052805845355
4788,2.93466548099946
4789,2.93942256791998
4790,2.904772940566
4791,2.89951042012752
4792,2.89048470159791
4793,2.90939229610545
4794,2.92480404373268
4795,2.9133182355082
4796,2.90580530315199
4797,2.88474695035455
4798,2.86611673674446
4799,2.85005484512365
4800,2.82339399422656
4801,2.82117621302808
4802,2.82710111586164
4803,2.83838790078134
4804,2.86809703836474
4805,2.87232881838755
4806,2.87659645461571
4807,2.88509177517068
4808,2.89612511080899
4809,2.90018925618879
4810,2.89883237110252
4811,2.90163851218174
4812,2.88006848060027
4813,2.89512041054923
4814,2.89564825755755
4815,2.90659472443317
4816,2.91830930076177
4817,2.94035228794615
4818,2.94101965662052
4819,2.93276352981661
4820,2.91364323826996
4821,2.89464746708777
4822,2.93123138803571
4823,2.96517842027242
4824,2.97392914713297
4825,2.94754054946836
4826,2.94672624141583
4827,2.94579008209579
4828,2.90844814627059
4829,2.87222029249261
4830,2.8610036758377
4831,2.87141232368162
4832,2.86878848370643
4833,2.86772190413754
4834,2.89338712659051
4835,2.89575651644526
4836,2.90046982713809
4837,2.89802835603589
4838,2.90966200192135
4839,2.87475442225502
4840,2.88979707442217
4841,2.88430735927903
4842,2.89898520406314
4843,2.89311112595777
4844,2.88950769046443
4845,2.90684272691206
4846,2.9163662161425
4847,2.91637463818703
4848,2.92226285544027
4849,2.90953841432685
4850,2.91213895035958
4851,2.92084593864126
4852,2.90603239261478
4853,2.87668404895178
4854,2.88155695894284
4855,2.8805846463759
4856,2.88204215519189
4857,2.91899338727592
4858,2.89156932724427
4859,2.90156242253779
4860,2.86444539343935
4861,2.88959988519398
4862,2.93301810043027
4863,2.96546107238271
4864,2.96729687979174
4865,2.99598383320182
4866,2.99033437858737
4867,2.98267094546029
4868,2.99646168614959
4869,2.97735760642716
4870,2.94706797350767
4871,2.97801276540133
4872,2.9939852336138
4873,2.98164714601779
4874,3.00519783345457
4875,2.96844521936527
4876,3.00324518189581
4877,3.00985426381794
4878,3.04368327520968
4879,3.05147507918691
4880,3.0401767581879
4881,3.02817587631324
4882,3.02407733577835
4883,3.05240832553244
4884,3.04741245719208
4885,3.03816451405502
4886,3.04916370791409
4887,3.06977405686276
4888,3.05099916653571
4889,3.02754432395805
4890,3.02508815557708
4891,3.005546859486
4892,3.01392734911991
4893,3.06790103244504
4894,3.0883218324283
4895,3.02664025841594
4896,3.03602973650834
4897,3.04258078970201
4898,3.04262751445697
4899,3.03081249985543
4900,3.04556955153877
4901,3.03651263852047
4902,3.02427993102543
4903,3.01984021439611
4904,3.0378196412794
4905,3.02562313953357
4906,3.04661646292508
4907,3.05739463022778
4908,3.05930649034567
4909,3.07730947292788
4910,3.07676268852896
4911,3.09433442987402
4912,3.08830080183393
4913,3.08091003934078
4914,3.0674901338538
4915,3.04925603410975
4916,3.07140923683352
4917,3.08866043632395
4918,3.06038765670356
4919,3.08657060281062
4920,3.09653206390038
4921,3.10737003956263
4922,3.11430741945378
4923,3.10140003274458
4924,3.10389250658989
4925,3.08764645236682
4926,3.08027626419728
4927,3.10319853334688
4928,3.10108637786391
4929,3.09490922326859
4930,3.08750739025174
4931,3.08607670708874
4932,3.07144699630683
4933,3.06152873806758
4934,3.048076305369
4935,3.06641283998357
4936,3.07325565264756
4937,3.06504801781813
4938,3.0847476511529
4939,3.09071987125085
4940,3.09359436102496
4941,3.14299338020468
4942,3.06626142514293
4943,3.08110026624822
4944,3.0894982944932
4945,3.09753821388531
4946,3.08268546527079
4947,3.0727525099702
4948,3.09477045430766
4949,3.1021341450429
4950,3.10511245690282
4951,3.10641913961863
4952,3.12541775380267
4953,3.12668512002136
4954,3.13249033133629
4955,3.12295720388136
4956,3.1199339596252
4957,3.14535947895638
4958,3.14241014742981
4959,3.13188999225755
4960,3.14261289757155
4961,3.15665538376095
4962,3.19269160741902
4963,3.18549010421319
4964,3.17754104650106
4965,3.1794875487277
4966,3.17671990021133
4967,3.16599446589058
4968,3.15217202051756
4969,3.16512274027135
4970,3.17005307433482
4971,3.16452600723735
4972,3.1569640345107
4973,3.17887672690835
4974,3.16290685523688
4975,3.14738491527538
4976,3.157436567912
4977,3.18896290993301
4978,3.19758737522347
4979,3.21320959747579
4980,3.20883379883861
4981,3.21299679003101
4982,3.21418798432462
4983,3.2314152333733
4984,3.28042932418447
4985,3.19553185077467
4986,3.21786817908646
4987,3.21893349804344
4988,3.2297924988444
4989,3.21796326584341
4990,3.2021092066762
4991,3.21382821790756
4992,3.24657432860681
4993,3.26356632050408
4994,3.26811938501305
4995,3.3042997389969
4996,3.25664941341421
4997,3.28149394974678
4998,3.29225409248573
4999,3.28442678718106
5000,3.29571353949144
5001,3.310450946034
5002,3.29256948158508
5003,3.31439221741806
5004,3.32356938811963
5005,3.31750686273406
5006,3.30329749002975
5007,3.31658699586602
5008,3.34254807573122
5009,3.32564688483323
5010,3.31965802848182
5011,3.32309217274187
5012,3.28738571672954
5013,3.28019245832462
5014,3.28933170429207
5015,3.280529895169
5016,3.26076033425365
5017,3.24069218367412
5018,3.20759793276767
5019,3.2125713464456
5020,3.18021082922854
5021,3.1602739968121
5022,3.18472124183592
5023,3.22032059585746
5024,3.24981730384395
5025,3.27267383689318
5026,3.26548181794726
5027,3.2546429979724
5028,3.23782945138739
5029,3.22726493838381
5030,3.25320244445978
5031,3.24811989715321
5032,3.25488803132003
5033,3.23349715157311
5034,3.23972940984962
5035,3.23886113585244
5036,3.19941765794224
5037,3.23082830600873
5038,3.21381403656795
5039,3.19802080576338
5040,3.18430565962594
5041,3.16490807428764
5042,3.13722402152624
5043,3.1577848127053
5044,3.16106485103472
5045,3.19725412128897
5046,3.17836355225548
5047,3.18841634452453
5048,3.20154184778078
5049,3.19399638195959
5050,3.1557746653588
5051,3.13539774963373
5052,3.12456987338721
5053,3.12168106101283
5054,3.14402995700539
5055,3.16194285955866
5056,3.15201016404257
5057,3.16499515069541
5058,3.18357531279685
5059,3.17487826886041
5060,3.21778576115787
5061,3.2029839191188
5062,3.20476305957254
5063,3.21015807387
5064,3.23091029571561
5065,3.23189533987202
5066,3.24852412819105
5067,3.22810845763642
5068,3.20820029618869
5069,3.20823609383427
5070,3.21414498082921
5071,3.19343430212422
5072,3.23251776929038
5073,3.23033836952889
5074,3.25921442800259
5075,3.26234144378966
5076,3.29486261563913
5077,3.2993739783149
5078,3.29517845664946
5079,3.28696493085081
5080,3.28528569717338
5081,3.29556926003983
5082,3.2849323430663
5083,3.30340426413936
5084,3.30856045488624
5085,3.269606657513
5086,3.27437242917756
5087,3.27235653691878
5088,3.24670914568338
5089,3.25951550177672
5090,3.21870491567866
5091,3.25135881101452
5092,3.23507571705094
5093,3.27991467073485
5094,3.26919999739306
5095,3.26113512426894
5096,3.29271957624172
5097,3.27233669580457
5098,3.27153641239888
5099,3.25368053570065
5100,3.28576767194846
5101,3.29589381633502
5102,3.26372768556714
5103,3.24750287602073
5104,3.2603695155787
5105,3.28229219068299
5106,3.28380029550177
5107,3.29164494000052
5108,3.27352197216044
5109,3.25414770781682
5110,3.22214904548759
5111,3.21815768536363
5112,3.21210932009872
5113,3.1823951483949
5114,3.20600913851325
5115,3.21531837951822
5116,3.23780121944191
5117,3.23641316382168
5118,3.22025641823611
5119,3.21522796271171
5120,3.20019284835018
5121,3.16068759215455
5122,3.14672458449138
5123,3.1335811054685
5124,3.13176504697685
5125,3.15380080769656
5126,3.16008090572319
5127,3.13960338893941
5128,3.14915720822061
5129,3.09830329090335
5130,3.04610505320449
5131,3.01331126291861
5132,3.04032449514905
5133,3.06860869425365
5134,3.09160796224802
5135,3.07886977121246
5136,3.06110301309161
5137,3.07414784884167
5138,3.08992820553997
5139,3.05708122234642
5140,3.07132105596016
5141,3.07134297121718
5142,3.08551853326999
5143,3.09843455414964
5144,3.10955311805415
5145,3.11273999987975
5146,3.11036945473459
5147,3.13451379629256
5148,3.17489813331554
5149,3.15634078934934
5150,3.12466486506829
5151,3.13223869618262
5152,3.12663140352998
5153,3.16826818479244
5154,3.17124497785175
5155,3.19288425829476
5156,3.16584507012093
5157,3.16860017875293
5158,3.19495057475285
5159,3.20074563213405
5160,3.21517238401399
5161,3.21571330462971
5162,3.17950048713122
5163,3.22194461434526
5164,3.24747387909976
5165,3.23695665752742
5166,3.21793942478018
5167,3.21152952027213
5168,3.219447616956
5169,3.22757598739016
5170,3.21222955369446
5171,3.23965340465736
5172,3.21607775585749
5173,3.18233262162334
5174,3.1943003335925
5175,3.22374589486955
5176,3.19170709685878
5177,3.20362442842905
5178,3.20884232004736
5179,3.27469160164674
5180,3.27569851288786
5181,3.26962608746944
5182,3.2895183644296
5183,3.27460731846436
5184,3.28440909418583
5185,3.25787156622965
5186,3.26560911806425
5187,3.29425145854968
5188,3.28257231233005
5189,3.2855949425677
5190,3.29931370196906
5191,3.32783249849661
5192,3.29357907905506
5193,3.30607293859904
5194,3.31904187579432
5195,3.30968979448576
5196,3.24685966720981
5197,3.22099962684751
5198,3.21602726550086
5199,3.22727342573648
5200,3.24436895206161
5201,3.26393014672926
5202,3.25646487080422
5203,3.22938181474757
5204,3.22510646079786
5205,3.23589010641767
5206,3.25359748393111
5207,3.23974774742642
5208,3.23653019736751
5209,3.22620915018775
5210,3.26579644788796
5211,3.2896336921619
5212,3.27896500647128
5213,3.25888402563053
5214,3.23309481304085
5215,3.22177409062605
5216,3.20082617891423
5217,3.20102392630656
5218,3.18601651416826
5219,3.14788022551373
5220,3.1430729058742
5221,3.15462205031432
5222,3.13750712815982
5223,3.09745889409252
5224,3.09542970844029
5225,3.07056805476816
5226,3.06672712826895
5227,3.06272959897927
5228,3.10704541825642
5229,3.03912488883374
5230,3.02095711866624
5231,3.03907252047332
5232,3.01578651757844
5233,2.98224888191601
5234,2.95351396906
5235,2.91897570332375
5236,2.92310909677261
5237,2.90893307823606
5238,2.94524182778096
5239,2.92453858349838
5240,2.96061369232848
5241,2.94605214811918
5242,2.93581291535397
5243,2.94254016924785
5244,2.95499808354706
5245,2.96817127186397
5246,2.9779591840819
5247,3.06231447332549
5248,3.07273020129301
5249,3.05112727347637
5250,3.02817835746678
5251,2.98916201617691
5252,2.98855694699298
5253,2.98910997590218
5254,2.98665807296407
5255,2.92061663032937
5256,2.91582672788636
5257,2.93815360503489
5258,2.91188572766446
5259,2.91068375758315
5260,2.90760419124498
5261,2.89720233254414
5262,2.92068117243121
5263,2.92910281320519
5264,2.90516634486715
5265,2.89902986576012
5266,2.91531016413234
5267,2.94801185560377
5268,2.98552274192943
5269,2.98202508464647
5270,2.94368058737888
5271,2.94476093930666
5272,2.94706314645918
5273,2.92068568063201
5274,2.92257908503604
5275,2.97094361296723
5276,2.92829565074837
5277,2.88655067667401
5278,2.97089988453745
5279,3.03041361092729
5280,2.99046119288999
5281,2.97073526807547
5282,2.94690149400427
5283,2.94618394036917
5284,2.94355188715664
5285,2.93453355574278
5286,2.92399999410255
5287,2.93361984699471
5288,2.93314786580257
5289,2.96748767536545
5290,2.95968602864795
5291,2.97703277152242
5292,2.95154313512774
5293,2.92414819148329
5294,2.96352580509836
5295,2.98478421236308
5296,2.9665087933904
5297,2.96995365603459
5298,2.96252751612383
5299,2.97876865940359
5300,2.96761568333601
5301,2.95259721664974
5302,2.99807410022788
5303,3.00608789856028
5304,2.99044449078734
5305,2.97625559041785
5306,2.96148485860781
5307,2.96509882118076
5308,2.92871104093678
5309,2.8858246380652
5310,2.89488438371132
5311,2.83803912444662
5312,2.93012860352684
5313,2.91650386403465
5314,2.91487262728385
5315,2.84103150381767
5316,2.86743228242367
5317,2.85126079403523
5318,2.8154952597766
5319,2.84905608687222
5320,2.86034758406543
5321,2.86501862426879
5322,2.82221352077522
5323,2.81626145880864
5324,2.8443618610836
5325,2.8306926215682
5326,2.81765359574501
5327,2.80925644722475
5328,2.81941060148924
5329,2.80519038401926
5330,2.81634854029513
5331,2.8347969946181
5332,2.82383795831217
5333,2.86083657878584
5334,2.8448493137063
5335,2.81913948278494
5336,2.80839450811552
5337,2.81385515867604
5338,2.81496408270528
5339,2.78722674760223
5340,2.81381246397374
5341,2.80105086970982
5342,2.76737764320982
5343,2.83790639869139
5344,2.81471376618672
5345,2.81610114743404
5346,2.82847263662075
5347,2.81586338977075
5348,2.81816838263016
5349,2.81005295423502
5350,2.83953329936301
5351,2.84117084786781
5352,2.83718226494608
5353,2.84347456925733
5354,2.82904267795076
5355,2.83819236437006
5356,2.84898627728206
5357,2.83614112506208
5358,2.81901038661272
5359,2.80285071615061
5360,2.78733555113698
5361,2.77976301021855
5362,2.76493340230206
5363,2.78921373888477
5364,2.8013308497027
5365,2.80455671199198
5366,2.82428013397888
5367,2.8316421091852
5368,2.84370627451503
5369,2.85818909444444
5370,2.86166230566584
5371,2.86949997686365
5372,2.84193745902888
5373,2.85651548780965
5374,2.87036444722984
5375,2.87222864913185
5376,2.85682898660843
5377,2.86752307793209
5378,2.87588337313988
5379,2.88297499032037
5380,2.88549195240202
5381,2.88961069712135
5382,2.91252374790222
5383,2.90472090975422
5384,2.89746314514084
5385,2.89799228178814
5386,2.91520477289623
5387,2.89998938681022
5388,2.90520826946963
5389,2.90933031359433
5390,2.93256915212123
5391,2.90232156168912
5392,2.90033674388229
5393,2.88391375196987
5394,2.8682416077849
5395,2.84591186603666
5396,2.84935588217221
5397,2.83636495320922
5398,2.82530426350724
5399,2.80825973304627
5400,2.81535562624384
5401,2.8174061942647
5402,2.83351701567279
5403,2.84102375669048
5404,2.8376601123938
5405,2.84921342022665
5406,2.84696797515429
5407,2.85773245842998
5408,2.85024115505167
5409,2.85744032148381
5410,2.8613203016993
5411,2.85445269852689
5412,2.85004926885768
5413,2.86226833885837
5414,2.84457445877478
5415,2.88175074125363
5416,2.85284440010613
5417,2.86333243984594
5418,2.86192942837795
5419,2.84438508062649
5420,2.84570354679803
5421,2.85463982027778
5422,2.86352109204998
5423,2.85023490281804
5424,2.86251522080732
5425,2.87080949246686
5426,2.86121112571633
5427,2.83787277166366
5428,2.82434892654345
5429,2.85720234263442
5430,2.86722219606102
5431,2.86386986935822
5432,2.87942238866293
5433,2.86667145535481
5434,2.87422842455826
5435,2.86582403885515
5436,2.88002781712256
5437,2.8925999916729
5438,2.90674589676917
5439,2.90847746426063
5440,2.91856074291699
5441,2.90748805985197
5442,2.89638838245236
5443,2.90392087588644
5444,2.90573425959314
5445,2.90696580435794
5446,2.91779749263542
5447,2.91378387171741
5448,2.91805931744574
5449,2.90668242782399
5450,2.91532726947596
5451,2.94625640807914
5452,2.92390404571793
5453,2.89164389715571
5454,2.88812371934976
5455,2.87778987011455
5456,2.88922398930538
5457,2.87579552858076
5458,2.88419039988495
5459,2.91003135715982
5460,2.93756696244772
5461,2.92680075042458
5462,2.93642128114027
5463,2.9318060911991
5464,2.93019136316813
5465,2.92780215016888
5466,2.92476925925575
5467,2.91754235608997
5468,2.90404914593482
5469,2.92999391781334
5470,2.94590999651458
5471,2.93865767789875
5472,2.93497895600018
5473,2.91948555700523
5474,2.90388258755649
5475,2.88506877407377
5476,2.87266449208311
5477,2.88010706409222
5478,2.88283140799594
5479,2.87610732166089
5480,2.85962357058141
5481,2.86097764911966
5482,2.85944790387131
5483,2.87057352121104
5484,2.86621515777559
5485,2.8918369076236
5486,2.90269865502699
5487,2.9121662780519
5488,2.90317499494682
5489,2.91739509148534
5490,2.89649962468559
5491,2.91977440216977
5492,2.92491123947792
5493,2.93669921090441
5494,2.96588830388913
5495,2.97186074691994
5496,2.92511742505886
5497,2.93484045574298
5498,2.91308143537628
5499,2.89083568288029
5500,2.90713330860053
5501,2.92930068799488
5502,2.94962882195426
5503,2.98036377194681
5504,2.97579182101339
5505,2.96285014857995
5506,2.99661525422403
5507,3.04205273889732
5508,2.99964460295405
5509,3.00686828251092
5510,3.0221027148344
5511,2.99783069510451
5512,3.01184041004359
5513,3.02033298134166
5514,3.01245990409848
5515,3.00870949326372
5516,3.03218370511447
5517,3.03702725628296
5518,2.98520644813225
5519,2.97805253709976
5520,2.98854799787446
5521,2.97115527712537
5522,2.93385745053933
5523,2.91735747187524
5524,2.90360275108666
5525,2.90519679820748
5526,2.90504942317312
5527,2.91516914899218
5528,2.94168575754629
5529,2.95894821282476
5530,2.94971157367627
5531,2.90318450850401
5532,2.91455107414445
5533,2.91490743628105
5534,2.93589416730828
5535,2.95204632792626
5536,2.98073995705465
5537,2.98290480497472
5538,2.96158454414134
5539,2.95252905810849
5540,2.94298999842804
5541,2.96290265360087
5542,2.98427423730252
5543,2.98609895812137
5544,2.98583471542848
5545,3.01503328709456
5546,2.99948007246496
5547,2.95028732165004
5548,2.96507961069042
5549,3.00895949604006
5550,3.06731011298208
5551,2.97558713640654
5552,2.9964716734234
5553,2.99686412237238
5554,3.01073083178122
5555,2.99799370232922
5556,2.97066020166188
5557,2.94875493093372
5558,2.97867041829543
5559,3.04572798982978
5560,3.06705633385795
5561,3.12716589851573
5562,3.12987023042215
5563,3.08377096421844
5564,3.10983310303402
5565,3.11575926092825
5566,3.14479359555596
5567,3.23061402209642
5568,3.34909473465427
5569,3.54307606222887
5570,3.61458899159701
5571,3.61940044159705
5572,3.58564117862395
5573,3.56782383343063
5574,3.57100939170834
5575,3.52735916190738
5576,3.50865531156058
5577,3.48948382144293
5578,3.49194614015307
5579,3.51431776081189
5580,3.51182731313668
5581,3.51393659022297
5582,3.51149269134515
5583,3.49189829216315
5584,3.50815641042141
5585,3.522045569024
5586,3.51772332521896
5587,3.51246485554567
5588,3.50341764244805
5589,3.47995967073086
5590,3.47376123351677
5591,3.48265064497429
5592,3.51756217471837
5593,3.52369714276211
5594,3.51257257324101
5595,3.49944386685185
5596,3.47947157315372
5597,3.46849373898004
5598,3.47954683863499
5599,3.5122966119488
5600,3.56189525713417
5601,3.56683992938935
5602,3.52990700124332
5603,3.53629451201668
5604,3.53452946545759
5605,3.55009684094919
5606,3.56670402545427
5607,3.55085408612306
5608,3.54740902784926
5609,3.51044845422239
5610,3.52691110885178
5611,3.51936737689642
5612,3.5147985269111
5613,3.46075391360525
5614,3.47393457034184
5615,3.47809117015891
5616,3.46144013574891
5617,3.48160139613898
5618,3.48689356619071
5619,3.46192442449229
5620,3.46731949632188
5621,3.47530062423099
5622,3.45424167890979
5623,3.48450232883834
5624,3.48082199193498
5625,3.49934303026618
5626,3.51758548189197
5627,3.51313225314198
5628,3.51060729036099
5629,3.50036765981859
5630,3.5027787470927
5631,3.50016547810248
5632,3.46449214272282
5633,3.46586995808713
5634,3.46761537925698
5635,3.44548632513122
5636,3.43777746557426
5637,3.42261154137844
5638,3.44404931821742
5639,3.4351259690456
5640,3.429596547337
5641,3.42610995599271
5642,3.43903568024047
5643,3.44760446339033
5644,3.44168779590278
5645,3.45332875463229
5646,3.45839774354469
5647,3.44190403215841
5648,3.42920210796272
5649,3.4352227505875
5650,3.41032123135625
5651,3.403024456808
5652,3.3905539449442
5653,3.39923849993398
5654,3.40081509102441
5655,3.40015818043828
5656,3.40813555396973
5657,3.37595887272644
5658,3.38214056993959
5659,3.35611275969158
5660,3.39193464304905
5661,3.39738022578899
5662,3.42134393619032
5663,3.4043645740336
5664,3.38822158808649
5665,3.38555292319654
5666,3.38323402119651
5667,3.38930416458425
5668,3.40803219745542
5669,3.42610925291212
5670,3.43812765438929
5671,3.44160129067381
5672,3.44276530954537
5673,3.43513931473632
5674,3.41814897447489
5675,3.42588750966746
5676,3.40600200509199
5677,3.40654069734597
5678,3.42425755438255
5679,3.42690223182143
5680,3.45302220086487
5681,3.46162200097507
5682,3.45148802534522
5683,3.46064890687597
5684,3.45214770876491
5685,3.45292414583099
5686,3.41267222803655
5687,3.44027640409193
5688,3.4516992780753
5689,3.42559219871191
5690,3.41084406725076
5691,3.40863035522039
5692,3.39292357931041
5693,3.38907774778848
5694,3.39191655208504
5695,3.40208130300373
5696,3.40069747851158
5697,3.38781343035599
5698,3.40228049249902
5699,3.43546283074261
5700,3.4278680457059
5701,3.39898241414501
5702,3.41545576317923
5703,3.41253041785158
5704,3.38112264783892
5705,3.38369885889205
5706,3.37898529504103
5707,3.39708779707259
5708,3.42988548714715
5709,3.44438193975731
5710,3.43981927895606
5711,3.44996577626394
5712,3.48813469788373
5713,3.50634747086906
5714,3.48150971150287
5715,3.48036619543387
5716,3.49079090170655
5717,3.46463423390632
5718,3.47483257248367
5719,3.50964752137253
5720,3.50288076588151
5721,3.5012034598421
5722,3.50010724366774
5723,3.50526164991277
5724,3.53609130612121
5725,3.5684274942036
5726,3.58116571832209
5727,3.61467430076872
5728,3.56666904082342
5729,3.55574349625015
5730,3.5629481295825
5731,3.59337235674557
5732,3.58314079290774
5733,3.59973906035696
5734,3.60711849341853
5735,3.63557209657703
5736,3.65840252777021
5737,3.63978347699093
5738,3.61739195985825
5739,3.60672991850949
5740,3.61639777675299
5741,3.64280964021013
5742,3.64397900093449
5743,3.65327796072777
5744,3.67565319582013
5745,3.66507246676592
5746,3.68848145139151
5747,3.69132267882247
5748,3.69650590143469
5749,3.68167950483172
5750,3.70807976990732
5751,3.69674205069486
5752,3.68036217943929
5753,3.68847142460004
5754,3.70542284185827
5755,3.71659232827779
5756,3.67240905137227
5757,3.64801793076947
5758,3.63974930566114
5759,3.61575042512887
5760,3.61113065110822
5761,3.64109422232535
5762,3.6453312094331
5763,3.6516626970311
5764,3.67457992829088
5765,3.67636647038957
5766,3.68043650911313
5767,3.72613842338997
5768,3.7630923377
5769,3.72208837311128
5770,3.74230102933166
5771,3.74508557684679
5772,3.71515338303391
5773,3.72829701285595
5774,3.73037303371134
5775,3.73279973427877
5776,3.74142814995298
5777,3.7345764458396
5778,3.73175074174624
5779,3.75827299785772
5780,3.76807000810146
5781,3.74285166273171
5782,3.74711700501639
5783,3.7644335528704
5784,3.73434733556077
5785,3.7223649799657
5786,3.70959840240113
5787,3.68926375433084
5788,3.67454334421058
5789,3.69472502152064
5790,3.71261064653196
5791,3.70391802526507
5792,3.7215472836654
5793,3.71527981614519
5794,3.74308313665881
5795,3.77146437075578
5796,3.78734787821871
5797,3.75648419375437
5798,3.76113814820057
5799,3.77187273060235
5800,3.75672537263427
5801,3.72629169751771
5802,3.69726916661974
5803,3.66764669886843
5804,3.64680166415059
5805,3.65819761037
5806,3.64060013844523
5807,3.65397621266918
5808,3.60633125800513
5809,3.59470479977521
5810,3.59389734974023
5811,3.61424678854418
5812,3.60129580891036
5813,3.6018681940439
5814,3.5626568507583
5815,3.51494932306492
5816,3.51955050262169
5817,3.57010753109194
5818,3.56612165751507
5819,3.54838029082703
5820,3.55866385949145
5821,3.55496496360189
5822,3.58835862432017
5823,3.59237373016498
5824,3.60730529961052
5825,3.5868316884513
5826,3.58276662159817
5827,3.59451000501939
5828,3.57889398459435
5829,3.59143527791675
5830,3.5529890778178
5831,3.57277413370624
5832,3.58156264447564
5833,3.63725872203293
5834,3.6676969454265
5835,3.72464020635219
5836,3.67592844716506
5837,3.68762017325075
5838,3.69975554921246
5839,3.72755463783675
5840,3.72223528167932
5841,3.7144940011246
5842,3.70240658489799
5843,3.70570064495083
5844,3.71328678174138
5845,3.67767579567906
5846,3.67573043044256
5847,3.67761387116487
5848,3.70686667228501
5849,3.72646310978628
5850,3.69934234752613
5851,3.71153503328782
5852,3.73414540948886
5853,3.71547199792426
5854,3.68971443608425
5855,3.6799267229801
5856,3.69209224353482
5857,3.68321989381273
5858,3.67686824356741
5859,3.64719871612076
5860,3.659940573003
5861,3.63767134208454
5862,3.64782719223149
5863,3.65149263864901
5864,3.66251162659008
5865,3.65958596823699
5866,3.67751924791651
5867,3.64070389935324
5868,3.6025454389316
5869,3.56892632984818
5870,3.60180222615019
5871,3.61748959089978
5872,3.59866436586289
5873,3.62447509758336
5874,3.6426967749347
5875,3.64354495227718
5876,3.61261132518321
5877,3.6169027449568
5878,3.61653316286635
5879,3.56977904797185
5880,3.58811020020168
5881,3.58220688973588
5882,3.56680421801378
5883,3.56686846800955
5884,3.56819154141815
5885,3.61005799056931
5886,3.61495111268245
5887,3.62996226072721
5888,3.65179376125442
5889,3.6766686848082
5890,3.69115520707266
5891,3.69252196554543
5892,3.69065287159476
5893,3.70422620697457
5894,3.70114717071965
5895,3.70389799499289
5896,3.678683402637
5897,3.70853490922025
5898,3.68153949531298
5899,3.70242751718217
5900,3.67293810123569
5901,3.66051955881553
5902,3.6500450612632
5903,3.61474044669332
5904,3.61587480339245
5905,3.60078535811334
5906,3.57015919121856
5907,3.58292344979556
5908,3.56131163855762
5909,3.55473593983021
5910,3.56192108797563
5911,3.55465182651966
5912,3.56234740955474
5913,3.55119123087456
5914,3.5613951841781
5915,3.56526024814376
5916,3.54219622102681
5917,3.55488154454749
5918,3.5310991311455
5919,3.564109625543
5920,3.53692369694761
5921,3.54024123111692
5922,3.50358554585358
5923,3.45930787101996
5924,3.44723707610422
5925,3.45698692364541
5926,3.48312819149811
5927,3.50614712148916
5928,3.50032279988219
5929,3.52789244027131
5930,3.54494888111077
5931,3.52073511311424
5932,3.50132662996731
5933,3.50885293645698
5934,3.52102939514428
5935,3.56223962454453
5936,3.57514101102557
5937,3.57088704426875
5938,3.55121243576078
5939,3.53868602296796
5940,3.58785655089863
5941,3.6121616607902
5942,3.63683320451925
5943,3.64645853646094
5944,3.61785858916668
5945,3.63821605416524
5946,3.60399692885164
5947,3.58540830706477
5948,3.58661604908042
5949,3.62458049558717
5950,3.63562406467652
5951,3.65762855555863
5952,3.61660749348283
5953,3.60379320665457
5954,3.58571569650007
5955,3.62715632957789
5956,3.63065748597391
5957,3.64468007617303
5958,3.66405532298483
5959,3.68422185271772
5960,3.69034983955798
5961,3.6791498616663
5962,3.65355337369634
5963,3.64616893676868
5964,3.62574381493846
5965,3.64788518461529
5966,3.63988464139984
5967,3.61830133514218
5968,3.61541113497742
5969,3.56427224992321
5970,3.5740872968687
5971,3.54756197201594
5972,3.56715448302042
5973,3.58109599013266
5974,3.59229155849693
5975,3.58466842666962
5976,3.58109198571704
5977,3.58556036510208
5978,3.59694831651954
5979,3.58872805294863
5980,3.57057843671214
5981,3.58029614324327
5982,3.5663532256983
5983,3.55270824240761
5984,3.53056514831874
5985,3.50668393365391
5986,3.52889092968322
5987,3.49984375465425
5988,3.51804295416843
5989,3.54270200568527
5990,3.54870507740388
5991,3.52116531204185
5992,3.53299035276433
5993,3.5262964977337
5994,3.49466015904915
5995,3.45716141744489
5996,3.45989941885561
5997,3.4823275767399
5998,3.47434454072146
5999,3.44893644441652
6000,3.44759829242294
6001,3.45224322860993
6002,3.45018028633325
6003,3.43553271640719
6004,3.43930260751891
6005,3.45033503575461
6006,3.43605827348313
6007,3.42442206549657
6008,3.43418385143632
6009,3.4174425409883
6010,3.40532490023162
6011,3.42065423460309
6012,3.41364681033457
6013,3.43233017646026
6014,3.41921772085613
6015,3.41820147678624
6016,3.43521760294859
6017,3.42885203941701
6018,3.44806234256371
6019,3.46949973207287
6020,3.48910329264027
6021,3.5059074790039
6022,3.51122246093933
6023,3.49342706306531
6024,3.51424392384781
6025,3.5045845872887
6026,3.51894255117406
6027,3.53286402244676
6028,3.49801821451519
6029,3.45847217067693
6030,3.46232617103474
6031,3.46165501510172
6032,3.44341970393136
6033,3.45724674969809
6034,3.4419077832897
6035,3.45981405224848
6036,3.4809602710431
6037,3.49536885209009
6038,3.5003831021088
6039,3.47586380833976
6040,3.49298589031923
6041,3.50659650221627
6042,3.5690251915719
6043,3.5755640391425
6044,3.57085206659299
6045,3.59349345074297
6046,3.6154846156273
6047,3.58887288986511
6048,3.62901180781021
6049,3.65059000434189
6050,3.63848574204388
6051,3.67791071886461
6052,3.66563456358688
6053,3.63644471395429
6054,3.60099075712562
6055,3.5810239238034
6056,3.57302518274236
6057,3.58868893011161
6058,3.59851047858891
6059,3.59354278951361
6060,3.59936317928452
6061,3.64700637329479
6062,3.61271087876783
6063,3.60864166839446
6064,3.6211038123455
6065,3.63812289077528
6066,3.6716467045202
6067,3.64490711432935
6068,3.63626599745708
6069,3.62896783646947
6070,3.62617541128958
6071,3.67130043908672
6072,3.64056751804401
6073,3.63998328454586
6074,3.6719813594462
6075,3.66794174368944
6076,3.69030199985764
6077,3.69515647854547
6078,3.61793882721065
6079,3.62453993935228
6080,3.63988072182884
6081,3.62422063594765
6082,3.61694618987271
6083,3.6006027262468
6084,3.55041077538689
6085,3.57458256092466
6086,3.5861172691159
6087,3.62405084509209
6088,3.62015650200864
6089,3.64608563263668
6090,3.64013058235338
6091,3.65520581703346
6092,3.64193717332734
6093,3.62606558346344
6094,3.60718544888755
6095,3.59536123531779
6096,3.54492718495993
6097,3.55314333193291
6098,3.5331744407233
6099,3.55497488319016
6100,3.50717173707941
6101,3.49765164454213
6102,3.49978450857005
6103,3.49692627613631
6104,3.54389354084071
6105,3.53486031329283
6106,3.55493572678405
6107,3.53701522729153
6108,3.52352103540778
6109,3.49668247165626
6110,3.45681892808504
6111,3.40664682531715
6112,3.40121079335175
6113,3.43712208045918
6114,3.45924694244393
6115,3.40670740556618
6116,3.3742212233307
6117,3.37430799400408
6118,3.376467780819
6119,3.33954832319753
6120,3.54899400427962
6121,3.53531442093902
6122,3.52308647516127
6123,3.52471562486515
6124,3.52193596400191
6125,3.50608102057292
6126,3.49012453248469
6127,3.5116785743484
6128,3.50908584978312
6129,3.53256384596451
6130,3.54001559182897
6131,3.57386123629232
6132,3.58018204530515
6133,3.56158217484625
6134,3.57034280882012
6135,3.56198551639748
6136,3.58483304228774
6137,3.58359265334587
6138,3.56562182507482
6139,3.57871360671972
6140,3.56126592193329
6141,3.54220175334569
6142,3.55358658367407
6143,3.56056864488302
6144,3.52663591960241
6145,3.53007865447099
6146,3.53279986024296
6147,3.53605503964182
6148,3.52174976233636
6149,3.49889726677384
6150,3.53830949717089
6151,3.53609014477376
6152,3.51172150023947
6153,3.50595412879988
6154,3.49683234804866
6155,3.52746784853637
6156,3.54589247418788
6157,3.57402818699084
6158,3.6136841401587
6159,3.61245245969332
6160,3.59523774781616
6161,3.61235934697175
6162,3.562211901544
6163,3.58887512566226
6164,3.55328901119548
6165,3.55620852693197
6166,3.55850270165284
6167,3.57150094905177
6168,3.56316337030294
6169,3.59154509707067
6170,3.57699114010512
6171,3.57916126654067
6172,3.5513739936833
6173,3.55028385195821
6174,3.53503047612442
6175,3.52398073881001
6176,3.52701261618247
6177,3.52860924101776
6178,3.55460776524283
6179,3.58210461287403
6180,3.60032760213367
6181,3.58496914596276
6182,3.55508491067026
6183,3.57376157056806
6184,3.55791343460266
6185,3.46892405943958
6186,3.40605542943441
6187,3.4188319282088
6188,3.43792970506926
6189,3.44014034449379
6190,3.43340849788364
6191,3.42460443419827
6192,3.39927280393926
6193,3.42737464291121
6194,3.39584106007726
6195,3.39927480566216
6196,3.43312341831201
6197,3.47815076707031
6198,3.47482700701755
6199,3.49416961970477
6200,3.45600917241495
6201,3.46526836223632
6202,3.52645287383191
6203,3.51204984737744
6204,3.44611716042341
6205,3.43211917754263
6206,3.42691979166733
6207,3.48493520197434
6208,3.48372043108277
6209,3.45091548491599
6210,3.40657587982016
6211,3.38645383943985
6212,3.38934155623288
6213,3.37134920787821
6214,3.35165383215845
6215,3.33103115091616
6216,3.36030272430311
6217,3.38957156448735
6218,3.42801473793365
6219,3.39136822605144
6220,3.38648739209259
6221,3.36031525020905
6222,3.34786911287205
6223,3.33809391732299
6224,3.34080148007595
6225,3.34683791473877
6226,3.33552039026074
6227,3.32942673092537
6228,3.36049105708122
6229,3.33230726080285
6230,3.35261972841624
6231,3.3405369332188
6232,3.28927801823113
6233,3.33864671979916
6234,3.36847066789247
6235,3.35753746431129
6236,3.34345323870815
6237,3.33438140256032
6238,3.34692187003878
6239,3.35812363009457
6240,3.38121871605463
6241,3.38405930955718
6242,3.34451282806828
6243,3.34531900429039
6244,3.33351912065509
6245,3.33860399688788
6246,3.36451021009119
6247,3.3705249624294
6248,3.37120595435935
6249,3.37531303972262
6250,3.40155729940314
6251,3.39999221752462
6252,3.40229561652393
6253,3.41023142520146
6254,3.40785683588029
6255,3.42352867944633
6256,3.42134042951145
6257,3.47931193508862
6258,3.52929985184482
6259,3.54127407397653
6260,3.48702605089854
6261,3.47482851256078
6262,3.52413746852688
6263,3.50291025819821
6264,3.48172008628734
6265,3.4982683530824
6266,3.49197878620638
6267,3.50926366757487
6268,3.48399715421607
6269,3.45176756738874
6270,3.47165889800908
6271,3.46405403741113
6272,3.49032939439045
6273,3.4784982871131
6274,3.45756954525108
6275,3.40100637059489
6276,3.36394449049487
6277,3.37151925242834
6278,3.38704218178322
6279,3.37671496622442
6280,3.40793123779006
6281,3.40473416476999
6282,3.39122525676383
6283,3.35869288173652
6284,3.35333027102083
6285,3.36043404174211
6286,3.29209909632747
6287,3.27007571121929
6288,3.26747091240111
6289,3.27521377691312
6290,3.24875141819629
6291,3.30964816141492
6292,3.29111117820041
6293,3.29137058924448
6294,3.26861883499294
6295,3.25896391284074
6296,3.2511920774334
6297,3.25713168071049
6298,3.26187225376025
6299,3.265208066517
6300,3.31221630335107
6301,3.29524860565717
6302,3.26926764718601
6303,3.2673750230119
6304,3.29872503564112
6305,3.31174296835775
6306,3.28799937878234
6307,3.31665352085918
6308,3.32350171674487
6309,3.29061798022661
6310,3.29167636986957
6311,3.30354058888537
6312,3.30107422224724
6313,3.25934020706461
6314,3.27089037584589
6315,3.25838125898356
6316,3.28926505929704
6317,3.27179082195229
6318,3.2911890135179
6319,3.26579722899186
6320,3.29595809456964
6321,3.29629918856068
6322,3.2950631895918
6323,3.27472153749017
6324,3.26402823193869
6325,3.27759650631235
6326,3.29398584663908
6327,3.28515813038399
6328,3.30055180981499
6329,3.32139560108344
6330,3.32095581880668
6331,3.28157753480607
6332,3.2559482250822
6333,3.25096786349874
6334,3.27254312809184
6335,3.23838086973279
6336,3.24288371441575
6337,3.25403993130682
6338,3.26831514028479
6339,3.24444030024513
6340,3.24084792271315
6341,3.18611333406444
6342,3.22716235153793
6343,3.23350442232694
6344,3.17521686693124
6345,3.18936781722329
6346,3.18822693441026
6347,3.19623460660187
6348,3.19239688469141
6349,3.1991421603977
6350,3.18865222692866
6351,3.199958277305
6352,3.19950546707634
6353,3.22641584447514
6354,3.23696497956897
6355,3.2366017760177
6356,3.22019533571016
6357,3.2278382769935
6358,3.23222871090606
6359,3.20947749946485
6360,3.20512460484004
6361,3.20964157009693
6362,3.23630312926698
6363,3.22253056981768
6364,3.22806972243728
6365,3.24388131289163
6366,3.24041047901006
6367,3.26261018462531
6368,3.24401824261508
6369,3.26833144709656
6370,3.28190383743411
6371,3.28601923215803
6372,3.25590352042919
6373,3.23543694604275
6374,3.19080793157717
6375,3.18677920095146
6376,3.2342854868902
6377,3.24911599758773
6378,3.24190475492492
6379,3.24538505629021
6380,3.2407680776142
6381,3.22279128945474
6382,3.25997323593225
6383,3.21749605832743
6384,3.22568649381698
6385,3.26739828843681
6386,3.28922775428563
6387,3.31166770450499
6388,3.28899054821162
6389,3.31642013383636
6390,3.31185522980151
6391,3.23690419207907
6392,3.25607196497704
6393,3.24874397383962
6394,3.20976054238156
6395,3.19182374312221
6396,3.19108183093905
6397,3.2058294333029
6398,3.25303247680133
6399,3.24950212230015
6400,3.25281274526837
6401,3.27534952294301
6402,3.28593343859633
6403,3.28329268655985
6404,3.26651202159921
6405,3.27159934272253
6406,3.28916112998985
6407,3.28497855740004
6408,3.27046036545219
6409,3.30344382688207
6410,3.3544203133607
6411,3.33670120681304
6412,3.35338867246196
6413,3.39164373127488
6414,3.41445960168949
6415,3.39121291595611
6416,3.412457873785
6417,3.42684053455198
6418,3.40930438878127
6419,3.3709986362364
6420,3.32989873603714
6421,3.32135423760771
6422,3.31912165921146
6423,3.28611211622886
6424,3.28821133601692
6425,3.23456149261248
6426,3.17703647157492
6427,3.17302317972604
6428,3.15625776229266
6429,3.15888243495032
6430,3.17794032123951
6431,3.21093172081641
6432,3.2358396900104
6433,3.19483712502849
6434,3.17295399138549
6435,3.1524007625074
6436,3.15406746616844
6437,3.08146174053409
6438,3.19344894706814
6439,3.23345591517665
6440,3.22512417502822
6441,3.2155393568053
6442,3.19277585881887
6443,3.16894843426464
6444,3.16041253029799
6445,3.18283058408188
6446,3.18087361336399
6447,3.20439863200405
6448,3.21493921228731
6449,3.17378338902055
6450,3.17811256948493
6451,3.15833428333866
6452,3.1671212766499
6453,3.12869368314863
6454,3.1267935413017
6455,3.16219308721459
6456,3.17269137399438
6457,3.16169049132967
6458,3.17368931135904
6459,3.15230946882309
6460,3.13632661909664
6461,3.15138078252714
6462,3.14370337090247
6463,3.0760564592628
6464,3.06082534152508
6465,3.05989486998487
6466,3.03745249957399
6467,3.0941795084712
6468,3.08444365115877
6469,3.11116421237167
6470,3.10674474865795
6471,3.08946786263003
6472,3.06699652487657
6473,3.06221160619003
6474,3.07041018952787
6475,3.053593053058
6476,3.07457181365287
6477,3.05606698970848
6478,3.03478053080062
6479,3.07194183810264
6480,3.09247126715504
6481,3.0626318429225
6482,3.06606994547102
6483,3.09024942605114
6484,3.09279513430698
6485,3.08056653175799
6486,3.07906907354521
6487,3.073133920034
6488,3.05536864919056
6489,3.05695319407599
6490,3.04293593484439
6491,3.04120166014173
6492,3.00050299798865
6493,3.03703338525349
6494,3.02500596662509
6495,3.02455592386495
6496,3.03555790610937
6497,3.05078650346801
6498,3.06447626104461
6499,3.07880827079799
6500,3.09295806669083
6501,3.07598486381868
6502,3.07904928594297
6503,3.0952529593528
6504,3.09795774672083
6505,3.09049856823793
6506,3.12309395174068
6507,3.12552490580217
6508,3.10131475762849
6509,3.13250508801002
6510,3.12616890573195
6511,3.09155091785677
6512,3.07601101174892
6513,3.08366653266461
6514,3.06641099027829
6515,3.0510859079568
6516,3.02727285400707
6517,3.04591223477229
6518,3.02599477360633
6519,3.02939560668357
6520,3.00397741447016
6521,2.99238971065413
6522,2.9840240077069
6523,3.01301641375918
6524,3.02131777925419
6525,3.01806198057264
6526,3.01773782218672
6527,3.02217895289988
6528,2.98132492005247
6529,3.01742100001726
6530,3.00163579951961
6531,3.0287870087427
6532,3.05481659609918
6533,3.0398114737384
6534,3.0267272388788
6535,3.05233662031067
6536,3.0531661013294
6537,3.06614913402492
6538,3.06684571360452
6539,3.079270630708
6540,3.09690887871602
6541,3.08615039443605
6542,3.06713085857273
6543,3.08199709870625
6544,3.11101711406533
6545,3.10645782359234
6546,3.09810908137556
6547,3.09244541123575
6548,3.08402166877348
6549,3.11251637712087
6550,3.15999159073971
6551,3.15103555571674
6552,3.13614265302573
6553,3.14912714243261
6554,3.16319303036647
6555,3.15022031130869
6556,3.15155964853449
6557,3.10486062746555
6558,3.11351740498845
6559,3.12518755611442
6560,3.13390265332106
6561,3.10687651721148
6562,3.08425748516839
6563,3.06627494163852
6564,3.05731544679568
6565,3.04136992226918
6566,3.0686566703723
6567,3.09906144848342
6568,3.06663010210548
6569,3.07987803473867
6570,3.08259352838062
6571,3.10301364324126
6572,3.10857407683041
6573,3.10681349670761
6574,3.09806098647294
6575,3.08451130542873
6576,3.08838846102162
6577,3.07054542297644
6578,3.07938469004453
6579,3.08464666079229
6580,3.06392982099407
6581,3.03723954680896
6582,2.99913945136372
6583,2.99731409448683
6584,2.98913729008438
6585,2.98729012494413
6586,2.97675263962032
6587,2.98827541756754
6588,2.96427503356623
6589,2.99514143543977
6590,2.99978876347581
6591,2.99034922847395
6592,2.98985755676151
6593,2.99783364121233
6594,2.99440886182714
6595,2.98536724566655
6596,2.97964382685189
6597,2.98648344391939
6598,2.98534131095505
6599,2.97596273755153
6600,2.98572736755765
6601,2.97174694650727
6602,2.97368918485068
6603,2.98567475090189
6604,2.98351001889952
6605,2.97250187624646
6606,2.96202770940039
6607,2.96234632461583
6608,2.96917885015807
6609,2.97698998755914
6610,2.9552940889464
6611,2.91683532047187
6612,3.02614168618165
6613,3.04610767025249
6614,3.06147288448244
6615,3.06460695176685
6616,3.0711174450669
6617,3.09513899511675
6618,3.08655642345993
6619,3.13104431766775
6620,3.12217163106027
6621,3.13676040627038
6622,3.1250633542894
6623,3.12701796406961
6624,3.13708839604184
6625,3.09524565120805
6626,3.06149167668356
6627,3.04708555827126
6628,3.05275971846476
6629,3.06199336906534
6630,3.07539096757488
6631,3.06913039279666
6632,3.04322406958195
6633,3.06256396646675
6634,3.08823445528312
6635,3.09572300982671
6636,3.06960624492702
6637,3.09030538314416
6638,3.10420096017589
6639,3.11740136592619
6640,3.11955409704939
6641,3.11077077986891
6642,3.13202345190202
6643,3.14446211371925
6644,3.16708931078319
6645,3.19579814761014
6646,3.15764398739852
6647,3.1774888394611
6648,3.16872138570564
6649,3.17234224611055
6650,3.15060246958179
6651,3.16451403767564
6652,3.16081671671507
6653,3.15987957610272
6654,3.14284843863997
6655,3.12860089384586
6656,3.1345381902446
6657,3.16044051787905
6658,3.15671684299586
6659,3.15120944924786
6660,3.14070934138825
6661,3.10330610591052
6662,3.08942921795386
6663,3.10000715624445
6664,3.1219190028036
6665,3.1262464274082
6666,3.15299509511613
6667,3.15689927973955
6668,3.15670813927
6669,3.13224600332112
6670,3.12810154345839
6671,3.12130407995378
6672,3.10456772850112
6673,3.1210408077522
6674,3.07835684092219
6675,3.09159344589299
6676,3.09953748960544
6677,3.09257580317429
6678,3.09445533587196
6679,3.08345465164799
6680,3.09369538536603
6681,3.08899941930605
6682,3.08595794264911
6683,3.08752427249428
6684,3.0831817248884
6685,3.09695922229652
6686,3.0888839029825
6687,3.05948790000872
6688,3.04923860534701
6689,3.02971950920099
6690,3.03581057193738
6691,3.06424832490658
6692,3.05854579929992
6693,3.05795961484159
6694,3.05458207180333
6695,3.05740367716208
6696,3.03426817335498
6697,3.06460611006917
6698,3.09878875625805
6699,3.0945422562176
6700,3.10775386172116
6701,3.1244694838674
6702,3.12591679123137
6703,3.11477557595996
6704,3.10829103426057
6705,3.1023766792089
6706,3.08132166096934
6707,3.06394819977396
6708,3.05646161761928
6709,3.05710222134511
6710,3.05260408786853
6711,3.08397005866758
6712,3.09310494092379
6713,3.09009096959513
6714,3.11072019197786
6715,3.11103615018089
6716,3.15525393767257
6717,3.13240947454435
6718,3.13515793104881
6719,3.13382784987669
6720,3.14083025202204
6721,3.14043988463752
6722,3.13198336589121
6723,3.14843385740434
6724,3.16102846342377
6725,3.11819739844717
6726,3.13611261840195
6727,3.13836983895211
6728,3.14411636490083
6729,3.16351289582584
6730,3.1704764919686
6731,3.1753654888866
6732,3.1602814392366
6733,3.14767885153947
6734,3.11510074872749
6735,3.07799896134913
6736,3.10149446036945
6737,3.11490550653565
6738,3.10788434959509
6739,3.08007409022675
6740,3.08033920000842
6741,3.06954057520397
6742,3.05169692893543
6743,3.03008704998975
6744,3.01387122803251
6745,3.01177112700723
6746,3.01953069511651
6747,2.99835609707012
6748,2.99176839596655
6749,3.00705772010421
6750,3.02516673677991
6751,3.02028430779393
6752,3.04039507191815
6753,2.98923302411202
6754,2.9968840748921
6755,3.00011431924503
6756,2.98630455188506
6757,3.00462611284329
6758,3.00532891831488
6759,3.04088951447591
6760,3.04641167314383
6761,3.03677563860532
6762,3.03560754977494
6763,3.01534808065805
6764,3.02330505373663
6765,3.00536349659347
6766,2.99830916262777
6767,2.97913384502124
6768,2.99598560313302
6769,2.97889777212359
6770,2.97988233115928
6771,2.97033453501489
6772,2.96036186670185
6773,2.95845749475276
6774,2.93110316424569
6775,2.9324939986001
6776,2.91173756327331
6777,2.95349133343901
6778,2.96971501888308
6779,2.9633630699511
6780,2.95628438928825
6781,2.97862529507302
6782,3.00708101802757
6783,3.01195480556304
6784,3.02626161137967
6785,3.01180208914279
6786,3.04258505594047
6787,3.03943069754004
6788,3.06291913488857
6789,3.09247486797966
6790,3.13361454860118
6791,3.1017402895452
6792,3.12574358829589
6793,3.14769651209745
6794,3.14518052290657
6795,3.16399687665182
6796,3.19712536548648
6797,3.1667774492955
6798,3.15386326091679
6799,3.15867306652364
6800,3.11609005219075
6801,3.10668847864168
6802,3.13361711519548
6803,3.15625255080479
6804,3.1608001778885
6805,3.18044767902776
6806,3.1894475354801
6807,3.22323869948705
6808,3.17932819750369
6809,3.16831801556931
6810,3.1915481366103
6811,3.21861476176465
6812,3.21495741222596
6813,3.23262431803689
6814,3.24084774742647
6815,3.23789923886578
6816,3.2073174500886
6817,3.18463707113415
6818,3.17137258364073
6819,3.16711952229465
6820,3.1610906835723
6821,3.16427841685063
6822,3.14047254716824
6823,3.12930449076305
6824,3.1386140026039
6825,3.13618110870755
6826,3.1318668537051
6827,3.12898705719035
6828,3.1420380981457
6829,3.155659341881
6830,3.15053204414725
6831,3.16459855747706
6832,3.1599050817595
6833,3.14848514513195
6834,3.14306330209289
6835,3.16184543911168
6836,3.14752006346256
6837,3.15391528641885
6838,3.16499835999526
6839,3.14846391202814
6840,3.1640604975351
6841,3.17877933708161
6842,3.18122373483175
6843,3.19989068821849
6844,3.21953291374602
6845,3.23310675909043
6846,3.2278919753735
6847,3.21814146791239
6848,3.2343633004488
6849,3.22764247924804
6850,3.2311443421325
6851,3.21052035085114
6852,3.19115426828502
6853,3.19534257536788
6854,3.20988239251204
6855,3.1976560004274
6856,3.20776279456197
6857,3.21530064058973
6858,3.21819646433223
6859,3.20625938504556
6860,3.22470562940473
6861,3.23364891487653
6862,3.23361571681729
6863,3.23445285479325
6864,3.24989883884957
6865,3.24094513194785
6866,3.24788707549423
6867,3.29470411196206
6868,3.21884685703018
6869,3.19566305052326
6870,3.16965133027499
6871,3.17854238064194
6872,3.15200340094335
6873,3.16816202241536
6874,3.16536523593425
6875,3.15011219377584
6876,3.13625248602694
6877,3.16474715346125
6878,3.16543178320804
6879,3.16097558276228
6880,3.12752085558952
6881,3.13291555481881
6882,3.10681761896012
6883,3.12131268257554
6884,3.11196320348494
6885,3.11907863827178
6886,3.09310461894465
6887,3.07952737695704
6888,3.04512705163745
6889,3.05004606664924
6890,3.04499638395081
6891,3.04837872370825
6892,3.05404220535843
6893,3.04354066713046
6894,3.04814933374899
6895,3.04635862002147
6896,3.04814111936645
6897,3.05715578669634
6898,3.04151895129209
6899,3.03517526767371
6900,3.03997153040484
6901,3.03410290704364
6902,3.03577623093372
6903,3.04184537406484
6904,3.04120802622992
6905,3.05025421712699
6906,3.0648864697111
6907,3.08064570679459
6908,3.07404906265522
6909,3.06329536314277
6910,3.06963199745195
6911,3.08452204385088
6912,3.0934830462456
6913,3.10086032670593
6914,3.10057284981123
6915,3.10122701341525
6916,3.07165049139206
6917,3.08035057456925
6918,3.08810837636533
6919,3.08817341300454
6920,3.06143483748634
6921,3.05889570409678
6922,3.05827891202895
6923,3.06617643533508
6924,3.0754589527423
6925,3.0948343138955
6926,3.07204903968934
6927,3.08358653648556
6928,3.08663373083203
6929,3.10043138215559
6930,3.08934873499833
6931,3.08572235290493
6932,3.10622732750091
6933,3.12631135500726
6934,3.12367526226823
6935,3.09394070626157
6936,3.08493550513347
6937,3.09082904113732
6938,3.09769644566446
6939,3.10975641671562
6940,3.10218148695041
6941,3.09911097746374
6942,3.09538010550346
6943,3.10007253803468
6944,3.09071241820721
6945,3.1097358351364
6946,3.10079827018092
6947,3.10486485792345
6948,3.08675707285668
6949,3.08316307409024
6950,3.05418620874955
6951,3.05146612355702
6952,3.02464208429704
6953,3.03819373089084
6954,3.05710981285472
6955,3.05917393494167
6956,3.05504542435876
6957,3.05449147173807
6958,3.04140558448142
6959,3.03113906945064
6960,3.04688450521111
6961,3.0542659261662
6962,3.05998088941866
6963,3.05148721215207
6964,3.05094359214483
6965,3.04851087341848
6966,3.03899914251076
6967,3.06055894052594
6968,3.07057988089792
6969,3.09193503438848
6970,3.09420204316036
6971,3.11129153969455
6972,3.1049791586797
6973,3.10503205810389
6974,3.11626608761315
6975,3.10734531870986
6976,3.10350978770045
6977,3.09378636354421
6978,3.10419070363506
6979,3.08903154946217
6980,3.07946786432289
6981,3.08771415305915
6982,3.08691277461645
6983,3.08429313005708
6984,3.07622397603158
6985,3.04604919179278
6986,3.03827050078141
6987,3.02573798206449
6988,3.0118785001294
6989,3.03741909939086
6990,3.02740950826704
6991,3.00571010195942
6992,3.04957986619315
6993,3.05434301167326
6994,3.06299125782925
6995,3.08971120793211
6996,3.08846950250159
6997,3.08091340466308
6998,3.08583906730486
6999,3.09868624951901
7000,3.06867574271818
7001,3.0713425494857
7002,3.05376587651642
7003,3.04159416782079
7004,3.03026438655864
7005,3.03563347952024
7006,3.01154690897169
7007,3.02727191787235
7008,3.01636559385542
7009,2.99612247900086
7010,3.01335705848883
7011,2.9944638780978
7012,2.98055303140401
7013,3.0037382527151
7014,3.00706846922907
7015,2.996568819525
7016,3.01131618441321
7017,3.02555612145736
7018,2.99736837425371
7019,2.96319699217437
7020,2.96916407553158
7021,2.99534771264441
7022,2.9755845265689
7023,2.96330276725899
7024,2.97240688291179
7025,2.9733033725939
7026,2.96513546726473
7027,2.95962966762687
7028,2.94423792220235
7029,2.95699059704407
7030,2.98372980641053
7031,2.98837493683734
7032,3.00440019768545
7033,3.03179036695041
7034,3.03355568123059
7035,3.02136317913624
7036,3.01632601900802
7037,2.99931999934984
7038,3.00716928375647
7039,3.02320008849419
7040,3.03563163072345
7041,3.06269856543767
7042,3.05678076479436
7043,3.03230312321835
7044,3.06967679495985
7045,3.06479962326542
7046,3.0802151665872
7047,3.06979044069906
7048,3.02953096180871
7049,3.03325665209429
7050,3.05652223729273
7051,3.07366809575994
7052,3.05259399248268
7053,3.05846420393599
7054,3.06860172889138
7055,3.08590554644042
7056,3.08201433584416
7057,3.088515239818
7058,3.09126306625628
7059,3.09950766388975
7060,3.09609431841513
7061,3.11249155209811
7062,3.13550906226564
7063,3.16639638398031
7064,3.17616813458857
7065,3.15575336345355
7066,3.14995612280927
7067,3.13701307933838
7068,3.16628672104037
7069,3.13321102440972
7070,3.15538479814398
7071,3.17069775573955
7072,3.17360931547502
7073,3.18279748493645
7074,3.17042721214051
7075,3.13795294139199
7076,3.17152474139488
7077,3.20285830113067
7078,3.21659132925217
7079,3.2064084217126
7080,3.15567796286617
7081,3.15984070191041
7082,3.12851769980256
7083,3.11455746821948
7084,3.11021513434866
7085,3.1074394719275
7086,3.12663492839244
7087,3.17924805816208
7088,3.16063308535024
7089,3.19627826221491
7090,3.23476867709858
7091,3.17444756929208
7092,3.16720038941709
7093,3.20209663234386
7094,3.17892878378468
7095,3.18136569872769
7096,3.15719750386617
7097,3.16341839124322
7098,3.18252982448001
7099,3.19372986631331
7100,3.19776927287024
7101,3.19133790894404
7102,3.19957662417085
7103,3.21363926910438
7104,3.2243645892879
7105,3.1841633500284
7106,3.19832778284998
7107,3.21173240582357
7108,3.19807791687273
7109,3.20068151689113
7110,3.22436843590401
7111,3.2264866504236
7112,3.24269183796046
7113,3.21847301317903
7114,3.22855310815743
7115,3.24940093136735
7116,3.24598052268538
7117,3.27486887651844
7118,3.26547654963178
7119,3.21140437816647
7120,3.21490110875097
7121,3.21837419921256
7122,3.21409481025709
7123,3.22253178953201
7124,3.20891384828458
7125,3.23085202042006
7126,3.22821745891825
7127,3.24137187456446
7128,3.20414818137913
7129,3.22544139651539
7130,3.24863445749168
7131,3.21169231393264
7132,3.21942592189481
7133,3.20927828284664
7134,3.24358095253103
7135,3.23319849766033
7136,3.235470536668
7137,3.20852397921442
7138,3.21246029984371
7139,3.23682163129386
7140,3.24548349131846
7141,3.20655549462459
7142,3.21475316819937
7143,3.25807011945059
7144,3.31008877470601
7145,3.27901125292402
7146,3.28503274352949
7147,3.30794508755111
7148,3.29497490268062
7149,3.29410764579614
7150,3.31048136436135
7151,3.2716191994632
7152,3.2964163817984
7153,3.28397853995597
7154,3.30061268465136
7155,3.347705622884
7156,3.27340522219485
7157,3.2632900403803
7158,3.27802321119975
7159,3.29638144980057
7160,3.29675728611199
7161,3.27122592360036
7162,3.27349860140723
7163,3.25997643405884
7164,3.266247952296
7165,3.27174542153381
7166,3.20996111808079
7167,3.18123078290305
7168,3.17735363824278
7169,3.22134672433936
7170,3.25306324770863
7171,3.24722338718896
7172,3.25334208102697
7173,3.22199511821409
7174,3.20188648611331
7175,3.21262564999262
7176,3.20831983623646
7177,3.21820141429456
7178,3.26730408143276
7179,3.27545376357004
7180,3.34138612703235
7181,3.28312963395927
7182,3.30014866726105
7183,3.3100093951892
7184,3.25501090412341
7185,3.2590406033231
7186,3.28298732589572
7187,3.32884055870462
7188,3.28448622705992
7189,3.25388145161272
7190,3.28792247987678
7191,3.20226369741848
7192,3.21436624779739
7193,3.21125541054483
7194,3.18424997089896
7195,3.2192923478385
7196,3.20235093541951
7197,3.18629410782082
7198,3.13396889235302
7199,3.12002997907621
7200,3.11145929501286
7201,3.10558670705344
7202,3.0809710977425
7203,3.08484745285992
7204,3.12687242223893
7205,3.13470335418778
7206,3.1426638848364
7207,3.14876127506474
7208,3.16856627556617
7209,3.19495977433457
7210,3.20824260357929
7211,3.21568745305823
7212,3.12979212931558
7213,3.17918200600838
7214,3.13526002649559
7215,3.10872675562211
7216,3.12412053061868
7217,3.17401698692469
7218,3.13207910829107
7219,3.11999429384326
7220,3.15673436058705
7221,3.11219810793153
7222,3.12467692971622
7223,3.04517302735983
7224,3.04023685545996
7225,3.05140794730522
7226,3.02984506976483
7227,3.05595189433592
7228,3.03186447903275
7229,3.02178306448333
7230,3.01790971313761
7231,3.05991183883079
7232,3.07985090612073
7233,3.0596879273939
7234,3.05622180344212
7235,3.0973958619514
7236,3.09351834917659
7237,3.12892966792271
7238,3.14061914838314
7239,3.183715603828
7240,3.13143139997474
7241,3.12515105898391
7242,3.13166328280626
7243,3.08299702295938
7244,3.08401456344742
7245,3.1183529610658
7246,3.13253861676478
7247,3.1382129098122
7248,3.11719068579345
7249,3.14843777900821
7250,3.14715959813196
7251,3.09210395290165
7252,3.1224574946432
7253,3.15521252965709
7254,3.15922062893788
7255,3.15406220688241
7256,3.16715161305293
7257,3.11672216068575
7258,3.13716172476978
7259,3.15841201906317
7260,3.15460019057219
7261,3.1142916077626
7262,3.16198312041581
7263,3.15205561547375
7264,3.16322019746177
7265,3.1478843174645
7266,3.19668422277442
7267,3.20168143902816
7268,3.18993338139156
7269,3.16812854067607
7270,3.18252259815805
7271,3.22957376478043
7272,3.24080179340531
7273,3.19497445162978
7274,3.2016694654507
7275,3.22273326104968
7276,3.23560326844733
7277,3.18644690798012
7278,3.21971226457777
7279,3.21222074979115
7280,3.2161320963468
7281,3.1490777402703
7282,3.09487842166775
7283,3.09953584005323
7284,3.08446098047005
7285,3.10560237800839
7286,3.11271002760765
7287,3.1372629154191
7288,3.11126802801939
7289,3.13088123337479
7290,3.1381828633364
7291,3.09773234667833
7292,3.12145175253192
7293,3.14487279442261
7294,3.20671406357564
7295,3.14802182868967
7296,3.09288621863162
7297,3.077313177408
7298,3.10874831204612
7299,3.073162762367
7300,3.04763409848848
7301,3.06029697872652
7302,3.05339079100287
7303,3.00142708378434
7304,2.97573979389745
7305,2.90492033146651
7306,2.82649198344332
7307,2.75016550636738
7308,2.58221046755298
7309,2.45303453826647
7310,2.50909513500762
7311,2.52349657998769
7312,2.54751002438002
7313,2.54615448981616
7314,2.53865626599714
7315,2.49312959412203
7316,2.48316118452004
7317,2.51192166610653
7318,2.5037070223272
7319,2.50864768320818
7320,2.52294137119072
7321,2.5265413410288
7322,2.53572899192148
7323,2.53064825818393
7324,2.52557173295804
7325,2.51294973826236
7326,2.53106028003867
7327,2.53096531957052
7328,2.52277287362122
7329,2.5163149755229
7330,2.51128091805612
7331,2.50255786586701
7332,2.49969937766689
7333,2.50673744547458
7334,2.52132602117283
7335,2.50285862375808
7336,2.50141096131845
7337,2.50704703290528
7338,2.51253796213098
7339,2.48554897745055
7340,2.48782738307619
7341,2.4845455687198
7342,2.49261861047571
7343,2.50145401802968
7344,2.49470086968611
7345,2.49218451675798
7346,2.47794017177839
7347,2.48470490883324
7348,2.4898496431232
7349,2.47772610236863
7350,2.46671742228742
7351,2.47082999885285
7352,2.45248802201707
7353,2.45998544237216
7354,2.47408942743639
7355,2.46504754246183
7356,2.45431666159908
7357,2.46071400865122
7358,2.45160956594464
7359,2.43741188160663
7360,2.45018993050766
7361,2.44974637419745
7362,2.46473935656371
7363,2.45982254681769
7364,2.48114644505412
7365,2.50332119944817
7366,2.4779277813839
7367,2.47259448006261
7368,2.49539612512992
7369,2.49098095390835
7370,2.4969045667375
7371,2.49814131486107
7372,2.48655797521298
7373,2.49512273364294
7374,2.49744447658196
7375,2.4905387382114
7376,2.49022348439126
7377,2.48626968832761
7378,2.4850473791556
7379,2.47697321462553
7380,2.44503122468719
7381,2.44554723969309
7382,2.42485262709957
7383,2.43495900270153
7384,2.41836620974016
7385,2.41660331866243
7386,2.4060596965993
7387,2.37626411441222
7388,2.38215551928163
7389,2.384840507104
7390,2.38689177317801
7391,2.38792735354608
7392,2.38176199893633
7393,2.39100321970725
7394,2.39704229328058
7395,2.41062451824586
7396,2.39704081172243
7397,2.37801667376561
7398,2.40557480081321
7399,2.41850534342525
7400,2.43062508725652
7401,2.4136543108305
7402,2.4262760537679
7403,2.41347407828331
7404,2.4242265137623
7405,2.43894488860024
7406,2.44326250783556
7407,2.43933655079565
7408,2.39795807522086
7409,2.38354857860051
7410,2.38529638582671
7411,2.38646439860317
7412,2.39977184856846
7413,2.40097093265558
7414,2.39973776432478
7415,2.39970746605837
7416,2.40841462486503
7417,2.40326398877656
7418,2.40938679845288
7419,2.42236292482545
7420,2.43506386434734
7421,2.44819879234496
7422,2.43329255743714
7423,2.43982462808583
7424,2.42644711379403
7425,2.42907987026675
7426,2.42659756692188
7427,2.43040514401452
7428,2.42695773234368
7429,2.42897743862155
7430,2.41876356913804
7431,2.41580313819929
7432,2.40979775064553
7433,2.38998848703185
7434,2.37951631246145
7435,2.36638467297575
7436,2.34400705921394
7437,2.34429476329586
7438,2.32789812559459
7439,2.34049615906338
7440,2.32679516213398
7441,2.31612606059894
7442,2.34266881316546
7443,2.36456818636293
7444,2.3521606927255
7445,2.3625948861575
7446,2.35504360882166
7447,2.38294530945646
7448,2.38297367036312
7449,2.37342983813587
7450,2.35608931997518
7451,2.34924935376429
7452,2.33978006132967
7453,2.34115588537142
7454,2.32358180374601
7455,2.32502918698338
7456,2.31460473450326
7457,2.3056959895427
7458,2.33223513656896
7459,2.31163856411945
7460,2.30183978570878
7461,2.30761810253787
7462,2.32191678804367
7463,2.32455126227089
7464,2.33222469383103
7465,2.34443932353495
7466,2.34857697017326
7467,2.32375202624747
7468,2.32406562881187
7469,2.33070590854273
7470,2.34733015349389
7471,2.34856264200153
7472,2.37147619269771
7473,2.36847962180184
7474,2.35478826487719
7475,2.36437678391052
7476,2.35255321666247
7477,2.37522639419856
7478,2.37384678078954
7479,2.37369332140506
7480,2.37787485008892
7481,2.38088090782122
7482,2.38464551468992
7483,2.38586117977462
7484,2.3870558087323
7485,2.36954208805537
7486,2.35797583588592
7487,2.3550271961345
7488,2.35314871573914
7489,2.34646710018456
7490,2.35562622865123
7491,2.34457284917286
7492,2.35153026512492
7493,2.35111206040608
7494,2.37113368444158
7495,2.36473204338444
7496,2.38428954600914
7497,2.39868108698258
7498,2.39204830990655
7499,2.38693675683908
7500,2.39895723212823
7501,2.40385744165278
7502,2.41714385954867
7503,2.41140070496536
7504,2.40586315454038
7505,2.41335977599397
7506,2.42410619255319
7507,2.42572110511872
7508,2.4260675961929
7509,2.42177359516251
7510,2.41116121660758
7511,2.41370433631545
7512,2.40810495759624
7513,2.39100417343261
7514,2.38718579108842
7515,2.36143201669096
7516,2.34823627281103
7517,2.35817817180086
7518,2.35774600428056
7519,2.35258010013798
7520,2.34229814788282
7521,2.33311628461937
7522,2.31418628904874
7523,2.32744148646631
7524,2.3338321202769
7525,2.32177029774235
7526,2.32391369630978
7527,2.30913678167338
7528,2.31717594682968
7529,2.32554980462876
7530,2.32388110906087
7531,2.32597423524619
7532,2.33374534061502
7533,2.33424629068136
7534,2.33269010620009
7535,2.32534372295837
7536,2.31503454682903
7537,2.29505511206762
7538,2.29708034018082
7539,2.28074975191999
7540,2.29512859860597
7541,2.27588143163655
7542,2.30631513141328
7543,2.31612834715645
7544,2.3223439304991
7545,2.3156855310055
7546,2.31915299655855
7547,2.30974702669897
7548,2.3034854187392
7549,2.3181032838734
7550,2.29484632998608
7551,2.30038479221855
7552,2.2930313204634
7553,2.27872056891053
7554,2.27649063128371
7555,2.25874599981356
7556,2.26971816929872
7557,2.2754089485781
7558,2.27300028076016
7559,2.27589169118093
7560,2.2702865625493
7561,2.25832814314871
7562,2.25968174350083
7563,2.24770744633932
7564,2.24174568103746
7565,2.24255763867894
7566,2.23222635390411
7567,2.23989036331065
7568,2.22718329694899
7569,2.23554124116774
7570,2.22856830904515
7571,2.22580931688882
7572,2.23219303939839
7573,2.23784361970355
7574,2.24679546471754
7575,2.25508661516606
7576,2.24413753365862
7577,2.24352216747146
7578,2.25962721407067
7579,2.26112614488846
7580,2.2540361552222
7581,2.24646602697371
7582,2.2399756015947
7583,2.23554163776802
7584,2.23390914192086
7585,2.22145456463457
7586,2.2177752854312
7587,2.23925978324169
7588,2.2324524780654
7589,2.23072091902148
7590,2.23334654902549
7591,2.22601972758281
7592,2.22556716375666
7593,2.21815317537912
7594,2.22974099980274
7595,2.22954676293681
7596,2.23010312779848
7597,2.23194625332701
7598,2.22945049454736
7599,2.2389453068956
7600,2.24631947357496
7601,2.25231994111303
7602,2.24367231365178
7603,2.239536564764
7604,2.2389219123285
7605,2.23180317051845
7606,2.23320720400594
7607,2.24343046144102
7608,2.25597168403693
7609,2.23762048887914
7610,2.23467603191232
7611,2.24200517618095
7612,2.24513816954277
7613,2.24522955432872
7614,2.24938667037551
7615,2.24724733606305
7616,2.24684195745053
7617,2.24568665292914
7618,2.23399801500071
7619,2.22852000272033
7620,2.22755763019197
7621,2.22561715075901
7622,2.22245967423103
7623,2.24474257314798
7624,2.22795015236608
7625,2.22978446778311
7626,2.2486230236789
7627,2.24256859869456
7628,2.23421185711354
7629,2.24518471941911
7630,2.2486615355641
7631,2.23341043541421
7632,2.22921906124919
7633,2.2361315736504
7634,2.24251510977024
7635,2.22849379080765
7636,2.23064242414191
7637,2.23344211035488
7638,2.21762261062306
7639,2.22268920388265
7640,2.21597923382262
7641,2.21104883303607
7642,2.22183439212375
7643,2.21679776276258
7644,2.22511540982781
7645,2.23026323931362
7646,2.23129742548153
7647,2.21930072052484
7648,2.23621627850282
7649,2.23454963922796
7650,2.2278499439212
7651,2.22224386757003
7652,2.22889646676333
7653,2.19894437114179
7654,2.18909025417906
7655,2.20715411720142
7656,2.21321668803645
7657,2.22197385956471
7658,2.22715046660099
7659,2.21318283363888
7660,2.21639569816299
7661,2.20862998197501
7662,2.20926702744
7663,2.20684042718359
7664,2.20176722936463
7665,2.18557491587371
7666,2.19462480058028
7667,2.18281258755217
7668,2.18772637536299
7669,2.19721837022465
7670,2.19356100769306
7671,2.19843166806361
7672,2.18282391952088
7673,2.19346273670305
7674,2.2035574190031
7675,2.20392263441892
7676,2.20236153877875
7677,2.21804996357099
7678,2.21884398626966
7679,2.22917342507505
7680,2.22598334934545
7681,2.23312669694719
7682,2.23288762091019
7683,2.22301208475269
7684,2.20980352964367
7685,2.21129721605885
7686,2.19676955473523
7687,2.19219980872742
7688,2.18533169853816
7689,2.18979891807462
7690,2.18314357043059
7691,2.16674309067738
7692,2.17767015042324
7693,2.19307500253078
7694,2.17698345392495
7695,2.1823467838602
7696,2.19119661901416
7697,2.19131026060592
7698,2.20084704704831
7699,2.2038849159868
7700,2.2155122581286
7701,2.20328891765559
7702,2.17983650826658
7703,2.20500534132222
7704,2.21290161656472
7705,2.23013866766135
7706,2.23308258921421
7707,2.22590971661978
7708,2.22102465914347
7709,2.24092487527145
7710,2.21359392341864
7711,2.1996224735224
7712,2.22095083860691
7713,2.24234603837474
7714,2.26799141513226
7715,2.25036828038598
7716,2.2537384530849
7717,2.25285806285398
7718,2.25527471324751
7719,2.26267496797795
7720,2.29650992429151
7721,2.28082024636883
7722,2.29815683547437
7723,2.30160330603758
7724,2.27979424397903
7725,2.27030969152388
7726,2.26902791865476
7727,2.29699841563207
7728,2.29035222885716
7729,2.29307298371424
7730,2.29699455330965
7731,2.28161072957465
7732,2.3008709023435
7733,2.30453759737541
7734,2.30103131330151
7735,2.29015411117319
7736,2.29272406436125
7737,2.27752515562863
7738,2.27205688269534
7739,2.29010200576152
7740,2.29958589238969
7741,2.28862535897346
7742,2.27404715986007
7743,2.29131821365201
7744,2.32333394974471
7745,2.32086674333562
7746,2.33655160987814
7747,2.35495611944697
7748,2.32744789422637
7749,2.3300370450109
7750,2.32779740315471
7751,2.32665361680938
7752,2.33313736038985
7753,2.3562537289965
7754,2.3601150093649
7755,2.34076672430143
7756,2.3377683826873
7757,2.34900397160337
7758,2.37278179909424
7759,2.33470951844134
7760,2.34223936139978
7761,2.33513663908196
7762,2.33803771897377
7763,2.34614578961791
7764,2.35397247121626
7765,2.35463523984157
7766,2.34737463489699
7767,2.3421571225112
7768,2.34837416270933
7769,2.3484362806131
7770,2.34181384414336
7771,2.35533103068469
7772,2.34327431951656
7773,2.34607220040224
7774,2.350905568434
7775,2.34822541594806
7776,2.3574707560109
7777,2.36182177253153
7778,2.35206177925366
7779,2.35036723315895
7780,2.33760889917448
7781,2.34099852548172
7782,2.34138643116975
7783,2.34557982543433
7784,2.34218089036247
7785,2.33113024590511
7786,2.31507505961639
7787,2.32105000318575
7788,2.32138025661694
7789,2.34322811757716
7790,2.34913335754097
7791,2.34185475327365
7792,2.33161883254962
7793,2.33976039056753
7794,2.32647194985651
7795,2.32959418127694
7796,2.33933434483276
7797,2.34295312876611
7798,2.34816189222538
7799,2.34560615787843
7800,2.34210426230084
7801,2.34531634503441
7802,2.34935127465454
7803,2.34274410947182
7804,2.33896608558715
7805,2.34701081238953
7806,2.34010696381131
7807,2.33947559857816
7808,2.33568709328713
7809,2.34813328475024
7810,2.35944653683715
7811,2.35925377072119
7812,2.35927425319594
7813,2.36595885325166
7814,2.36468523947195
7815,2.36252677251273
7816,2.38060931562516
7817,2.36844446099463
7818,2.35751523687564
7819,2.34350785136565
7820,2.32058769881374
7821,2.31787242597065
7822,2.29742499631857
7823,2.2969052503834
7824,2.30185077035428
7825,2.31827632966162
7826,2.33236419936008
7827,2.33269670391152
7828,2.31683763526777
7829,2.32305603077088
7830,2.31718826015401
7831,2.32717813887615
7832,2.33362862490924
7833,2.32831273529877
7834,2.33778620267616
7835,2.33139495785881
7836,2.32630755468352
7837,2.32409955508897
7838,2.34578797756676
7839,2.36513685053334
7840,2.38009525426429
7841,2.38774738108534
7842,2.376453724714
7843,2.36211810390153
7844,2.33819055141805
7845,2.33392570485319
7846,2.34932818935633
7847,2.35292007143201
7848,2.35030853059067
7849,2.3283710074721
7850,2.33813726792599
7851,2.35773347121734
7852,2.36347493475197
7853,2.34737566569927
7854,2.34691407861681
7855,2.3573927363835
7856,2.36371706457158
7857,2.36893653906244
7858,2.37648703091628
7859,2.36966341247859
7860,2.38942575331344
7861,2.36976625757836
7862,2.37358319929996
7863,2.37454014245176
7864,2.36810715122516
7865,2.37570013137747
7866,2.3698873773501
7867,2.36925940565425
7868,2.37626101762414
7869,2.386202392467
7870,2.39544548841823
7871,2.39465801011488
7872,2.40449718955909
7873,2.39260595569937
7874,2.37389774543891
7875,2.36992323914001
7876,2.38204362430878
7877,2.38373221804969
7878,2.37039542095004
7879,2.37489596990033
7880,2.38176338885677
7881,2.40424926186888
7882,2.42010323103469
7883,2.42404766851413
7884,2.41361306496307
7885,2.40251954713918
7886,2.40373534084338
7887,2.41477991168639
7888,2.4266315994573
7889,2.4369202923867
7890,2.45373216325944
7891,2.52040219719556
7892,2.52204706724891
7893,2.52865119668731
7894,2.54164091951566
7895,2.52266647990601
7896,2.51969544844519
7897,2.52307987200888
7898,2.52594766983111
7899,2.53070063392011
7900,2.52022767763433
7901,2.52955204647316
7902,2.53397125048
7903,2.54189693900521
7904,2.50249341062764
7905,2.50543295362755
7906,2.49194800161209
7907,2.49266045076177
7908,2.50959706925298
7909,2.49006180907858
7910,2.47341557709384
7911,2.48627019460069
7912,2.52144297481207
7913,2.50808982019108
7914,2.46995792729116
7915,2.44991724125927
7916,2.44300359707481
7917,2.44675239369943
7918,2.45325515366552
7919,2.46056179423954
7920,2.47757612787737
7921,2.47111292823848
7922,2.47820459231812
7923,2.47168462653204
7924,2.48448924174797
7925,2.48407413876248
7926,2.46311252768606
7927,2.46259345024863
7928,2.48044679325994
7929,2.49217590631954
7930,2.50628652324147
7931,2.52008585795994
7932,2.54251662460175
7933,2.54246992326645
7934,2.54639506517247
7935,2.53314617699977
7936,2.56349849668919
7937,2.57910621178485
7938,2.5076798828959
7939,2.52694135377423
7940,2.52361274050819
7941,2.53440241716569
7942,2.52812743608121
7943,2.54451293417751
7944,2.5450747667964
7945,2.53471928929216
7946,2.52415832805613
7947,2.51763203543075
7948,2.50345935438333
7949,2.47619871633321
7950,2.49125817002459
7951,2.48786636280252
7952,2.47997100842849
7953,2.46014102392442
7954,2.46297675086439
7955,2.449134801295
7956,2.46310722417044
7957,2.47328455556382
7958,2.48404300426838
7959,2.48506655917149
7960,2.49721794029571
7961,2.51676945754824
7962,2.49186618458979
7963,2.50009456328294
7964,2.5103189260073
7965,2.50463178492919
7966,2.48375339056756
7967,2.48277236948692
7968,2.48429890134258
7969,2.48628301724016
7970,2.49076582870407
7971,2.50826781223393
7972,2.50261827288163
7973,2.47325314930222
7974,2.48110365063764
7975,2.49885797897326
7976,2.48777729391958
7977,2.49089198729701
7978,2.51645280238048
7979,2.53211692952095
7980,2.50149896153749
7981,2.46147477663243
7982,2.4975947391093
7983,2.50932589513042
7984,2.50854922344478
7985,2.51028795900533
7986,2.50737507108354
7987,2.53500908555335
7988,2.53952860593316
7989,2.52161019018399
7990,2.5257917551283
7991,2.55188307762401
7992,2.54993553969985
7993,2.53196323935759
7994,2.51976168122552
7995,2.49911463752822
7996,2.51100490418713
7997,2.50901580803704
7998,2.49661990319288
7999,2.48896181899826
8000,2.49355238227733
8001,2.49884819897275
8002,2.47880208073315
8003,2.51775032465235
8004,2.52704024974087
8005,2.52295456883712
8006,2.50346268252786
8007,2.49292552494024
8008,2.51856949606499
8009,2.51167996214557
8010,2.5078465805392
8011,2.50891739408815
8012,2.48240235377514
8013,2.44607651592562
8014,2.43544648690125
8015,2.44993444629068
8016,2.43853336750149
8017,2.45611948472983
8018,2.45589287641665
8019,2.47478842413626
8020,2.47062374834075
8021,2.45478215361603
8022,2.46166620507614
8023,2.46377494458684
8024,2.49675153951139
8025,2.50311322385709
8026,2.55037594752033
8027,2.52379497185658
8028,2.54065512514754
8029,2.5710278044564
8030,2.54277205877747
8031,2.53375028337896
8032,2.51585210021477
8033,2.53731866442512
8034,2.55296280007399
8035,2.56964856758449
8036,2.55336303280095
8037,2.5578461019052
8038,2.53019254892672
8039,2.54499506723962
8040,2.52687579388282
8041,2.51834389785936
8042,2.50083270667881
8043,2.512410171999
8044,2.50683226318796
8045,2.49997914897741
8046,2.48933462753521
8047,2.47547564692001
8048,2.48818553965928
8049,2.48188851289182
8050,2.48452517044509
8051,2.49483989075446
8052,2.51116901152497
8053,2.53603048647998
8054,2.52255155631033
8055,2.52323810853212
8056,2.51958730051734
8057,2.5159844759517
8058,2.51430664644295
8059,2.50277458240414
8060,2.50959454154299
8061,2.50819050072985
8062,2.53042719601859
8063,2.54747756701153
8064,2.53454398234968
8065,2.52740035076908
8066,2.50017193068329
8067,2.52474775536474
8068,2.56658129648991
8069,2.55636063380433
8070,2.55847198401983
8071,2.57870305931638
8072,2.59213336735365
8073,2.51973939695784
8074,2.52691229947294
8075,2.51913204936733
8076,2.50000771423799
8077,2.50170717712314
8078,2.47763091336989
8079,2.47970296781767
8080,2.47196975796547
8081,2.47739277848405
8082,2.47656217038267
8083,2.44910191110074
8084,2.44372106489062
8085,2.4243014644986
8086,2.41586267928037
8087,2.38991542360186
8088,2.39169418278149
8089,2.37155968072341
8090,2.33744571994496
8091,2.31717086570478
8092,2.31985889633418
8093,2.29792259205894
8094,2.32011876081813
8095,2.33001862198137
8096,2.32841042665947
8097,2.32370046389638
8098,2.33166598024261
8099,2.32879331957239
8100,2.31189973346296
8101,2.30183465143058
8102,2.31032543357719
8103,2.29495030294996
8104,2.31499487123079
8105,2.29620802945632
8106,2.3029255864739
8107,2.3102835482469
8108,2.29712465556205
8109,2.30665035341645
8110,2.29726844471608
8111,2.30766982811399
8112,2.3073709317357
8113,2.30628549516867
8114,2.29985205797976
8115,2.28611096157732
8116,2.28239998977878
8117,2.2981453370069
8118,2.32384588352431
8119,2.33339240857711
8120,2.34420126189443
8121,2.33883707539303
8122,2.34472370058728
8123,2.35697338120608
8124,2.34196939071452
8125,2.33410274674652
8126,2.34064545842978
8127,2.35652262472593
8128,2.3622699556731
8129,2.36092693287387
8130,2.36331497171047
8131,2.3843287506645
8132,2.39102950784511
8133,2.39361578607012
8134,2.40281790413936
8135,2.39173549514043
8136,2.37995840329608
8137,2.38154270436155
8138,2.39405596098967
8139,2.38941447168323
8140,2.37414892620203
8141,2.35091232077324
8142,2.3572933107219
8143,2.38226312136786
8144,2.37227449851596
8145,2.3854082882672
8146,2.38445542057556
8147,2.39888983978447
8148,2.40640040578239
8149,2.40249390143531
8150,2.41202183214915
8151,2.4071403113289
8152,2.40090844320795
8153,2.39398239820105
8154,2.37328186828484
8155,2.37732754564186
8156,2.38246368495686
8157,2.38292715604913
8158,2.38625302390124
8159,2.41448116102071
8160,2.42070046846075
8161,2.4171139399153
8162,2.43220234652586
8163,2.4504541508808
8164,2.4794346179153
8165,2.47630841889113
8166,2.4675534355101
8167,2.44230211296185
8168,2.43971546184167
8169,2.4310456634189
8170,2.43757846259103
8171,2.4561712905392
8172,2.47464566897792
8173,2.46862458405369
8174,2.47003899487942
8175,2.5020468283434
8176,2.52038118489841
8177,2.5305633565277
8178,2.53746825052264
8179,2.53044385945817
8180,2.54875368403844
8181,2.56987799105882
8182,2.59570755464185
8183,2.58126262194244
8184,2.55761827423128
8185,2.5756735835154
8186,2.58564785539295
8187,2.59257287841543
8188,2.59569888527335
8189,2.57024765129599
8190,2.56696822673811
8191,2.54843699490673
8192,2.54565495680413
8193,2.53852740195262
8194,2.52268350008774
8195,2.51243065940727
8196,2.51627163699882
8197,2.51439772639804
8198,2.52010805814734
8199,2.52334381622117
8200,2.51548939754564
8201,2.54574511839297
8202,2.53482345344858
8203,2.54046125590028
8204,2.54219351919659
8205,2.55152776304295
8206,2.53969990155267
8207,2.55571511525423
8208,2.55962008942527
8209,2.55044452734307
8210,2.52757405836248
8211,2.51653584565881
8212,2.53319715421262
8213,2.53531568277247
8214,2.50037415616054
8215,2.51469795235042
8216,2.53436540885153
8217,2.54194442837663
8218,2.55008415200043
8219,2.56852983353679
8220,2.54724981049972
8221,2.54331200531127
8222,2.54790817884009
8223,2.53857281412146
8224,2.50771752993885
8225,2.50180759469148
8226,2.51853587650342
8227,2.53028604722951
8228,2.54510820411465
8229,2.54997831492765
8230,2.56756075909152
8231,2.56344655766225
8232,2.57371383957386
8233,2.57029230653506
8234,2.56127661451777
8235,2.55899699835951
8236,2.57071937454318
8237,2.58493171975433
8238,2.58437556896357
8239,2.55560649008776
8240,2.56414524123878
8241,2.56193437188691
8242,2.54668621763445
8243,2.56461005379864
8244,2.5497263933266
8245,2.58183627118376
8246,2.59146604218815
8247,2.59789063939868
8248,2.59064264823139
8249,2.61231590612786
8250,2.58042867119685
8251,2.57805280868099
8252,2.58802830625903
8253,2.54568472002484
8254,2.58982886522225
8255,2.61599407834481
8256,2.61885714743681
8257,2.61268981349206
8258,2.55733368989698
8259,2.59701291933806
8260,2.57481469218686
8261,2.5945012806468
8262,2.60375914280007
8263,2.61289665113111
8264,2.55916279701591
8265,2.55693008521058
8266,2.55641891875705
8267,2.56140575032464
8268,2.59093318859615
8269,2.62945551995207
8270,2.6149707123906
8271,2.65429019136079
8272,2.68103594571097
8273,2.6729206839525
8274,2.6863899165397
8275,2.71020045706191
8276,2.6960388599091
8277,2.68191681801423
8278,2.68745548662406
8279,2.70193901019775
8280,2.70037579958578
8281,2.6955851362618
8282,2.69411878947105
8283,2.69349948436107
8284,2.7081647007424
8285,2.69607327306243
8286,2.73275020252654
8287,2.66346480187212
8288,2.67319117235891
8289,2.67711021474929
8290,2.71177291715913
8291,2.71038207520574
8292,2.7100574834222
8293,2.70322874066153
8294,2.71828405747371
8295,2.70420595761349
8296,2.69899104530824
8297,2.7244958780569
8298,2.74165075271768
8299,2.73784116304039
8300,2.74630671937481
8301,2.73312870421898
8302,2.72536042667801
8303,2.74274501281638
8304,2.73729466642692
8305,2.73439830848774
8306,2.75087048961533
8307,2.74350195218622
8308,2.7593955875299
8309,2.74624231490363
8310,2.73771286562713
8311,2.72667037803507
8312,2.72333994196214
8313,2.71286789341789
8314,2.69347964798345
8315,2.71196992574598
8316,2.72261483282561
8317,2.76578498692695
8318,2.77704525457585
8319,2.77612477068385
8320,2.77953183538102
8321,2.74543542707033
8322,2.73465457411663
8323,2.73126892655847
8324,2.72523362502745
8325,2.72580703149826
8326,2.71258876157164
8327,2.71168444010817
8328,2.7209117377923
8329,2.71819960439848
8330,2.71557922447103
8331,2.71621099251021
8332,2.74538882910076
8333,2.73736736059137
8334,2.72405449769352
8335,2.75272186855477
8336,2.75625555313246
8337,2.76849930315681
8338,2.77681530657818
8339,2.75858224789172
8340,2.73107664111159
8341,2.74175566673532
8342,2.73404505969066
8343,2.74693996230059
8344,2.74091399473215
8345,2.72867711330584
8346,2.73807007327461
8347,2.74238039539207
8348,2.75373034015442
8349,2.73631821332716
8350,2.75890767895802
8351,2.75511189224915
8352,2.76874308683285
8353,2.75106478629397
8354,2.77847100164439
8355,2.76038434353603
8356,2.77538730108427
8357,2.74790270423284
8358,2.74967323387099
8359,2.75076050862322
8360,2.74180966535784
8361,2.75069997081139
8362,2.73935579217894
8363,2.74458230800969
8364,2.74522386182312
8365,2.74808403936063
8366,2.74483010567277
8367,2.73135031655343
8368,2.74119534890377
8369,2.74027754845372
8370,2.73915045895756
8371,2.73888889417611
8372,2.73359823173128
8373,2.73985576896271
8374,2.73984321821294
8375,2.7365753602291
8376,2.74439642593986
8377,2.75109300327447
8378,2.75756645077993
8379,2.74457104039112
8380,2.75786296519516
8381,2.7566176315602
8382,2.77293718290302
8383,2.77716814926132
8384,2.76381645559462
8385,2.78808329855684
8386,2.76770094626405
8387,2.7752621778227
8388,2.76689763201441
8389,2.75479865005996
8390,2.74764152511305
8391,2.72967622959134
8392,2.73862315430111
8393,2.75416872872477
8394,2.75269493684316
8395,2.76004950671231
8396,2.74787181198064
8397,2.72662725690088
8398,2.72335909209327
8399,2.74038337202641
8400,2.7619507001757
8401,2.76204957605899
8402,2.7395401781595
8403,2.73613381498231
8404,2.72862389096687
8405,2.75645025410311
8406,2.77217055650385
8407,2.76947298295727
8408,2.77205298719564
8409,2.76190607832695
8410,2.73805784375572
8411,2.75069106970924
8412,2.74530239835604
8413,2.74327280378424
8414,2.74514493418767
8415,2.74896103000591
8416,2.72248179221469
8417,2.73378650190275
8418,2.75036926445048
8419,2.74655661565265
8420,2.75697009373229
8421,2.77266928309817
8422,2.78064286518912
8423,2.79669664719571
8424,2.76737082563871
8425,2.75908225633541
8426,2.75746249029339
8427,2.76281499882675
8428,2.7504478062842
8429,2.74422547379874
8430,2.7441804482003
8431,2.74423675899279
8432,2.74669734449341
8433,2.73436993496836
8434,2.72417465159978
8435,2.71957926840443
8436,2.73110279567097
8437,2.72526340527025
8438,2.73974618795472
8439,2.73494520393845
8440,2.74868890625808
8441,2.74061692342898
8442,2.70928069576007
8443,2.71567859935856
8444,2.70660583451117
8445,2.7017042969186
8446,2.70375437946149
8447,2.72581350532991
8448,2.72480994851133
8449,2.74484812086693
8450,2.74317055123342
8451,2.73195944811146
8452,2.74506471958217
8453,2.72633462423332
8454,2.72277513495919
8455,2.72102611457455
8456,2.73982354994249
8457,2.73235721503244
8458,2.73987905989063
8459,2.73209176602325
8460,2.75291466475784
8461,2.75974389986419
8462,2.76686148852235
8463,2.76566359054777
8464,2.77205677878985
8465,2.76550071591143
8466,2.75945071884195
8467,2.76953548458786
8468,2.7756700811678
8469,2.78927123337582
8470,2.77594300053914
8471,2.78472578958843
8472,2.78610330021774
8473,2.78006944449802
8474,2.77910911249799
8475,2.7754048747403
8476,2.76562085913711
8477,2.77234574020726
8478,2.77076645318152
8479,2.78039098653232
8480,2.76938046527047
8481,2.78272278068786
8482,2.76896402985273
8483,2.76482474582155
8484,2.75813841252657
8485,2.75619569467844
8486,2.75169576637553
8487,2.75965722488905
8488,2.75809960114841
8489,2.76620336228106
8490,2.75305557710817
8491,2.755005495088
8492,2.75070765426933
8493,2.76604731233144
8494,2.77019937978477
8495,2.7767868534391
8496,2.77466509995499
8497,2.77267642525695
8498,2.77963118121988
8499,2.77124507238997
8500,2.75981411584169
8501,2.74636161317053
8502,2.74630860759393
8503,2.74551334201086
8504,2.73499935144292
8505,2.72963196789499
8506,2.74564654812348
8507,2.74411722744748
8508,2.76343644995654
8509,2.77257705992569
8510,2.7612335405725
8511,2.78318751820516
8512,2.77860255973636
8513,2.79792066337404
8514,2.82755164149077
8515,2.77763822519532
8516,2.77577705242396
8517,2.76066497894232
8518,2.77428801086762
8519,2.77172345749732
8520,2.76281367278088
8521,2.77215908784819
8522,2.7727877786
8523,2.76909437530276
8524,2.78300374360413
8525,2.79774188992463
8526,2.79676330884484
8527,2.80058692563121
8528,2.7833148710258
8529,2.78098320310562
8530,2.78006083665794
8531,2.78521774207135
8532,2.79792482665556
8533,2.78629444419185
8534,2.78152568852161
8535,2.76964660265693
8536,2.7827143085612
8537,2.77627180516384
8538,2.76126945568635
8539,2.76364152294615
8540,2.75441802402992
8541,2.73909573785766
8542,2.75494274898241
8543,2.76620504493872
8544,2.78481072980326
8545,2.80567780723317
8546,2.80616708747357
8547,2.80220515822646
8548,2.81031548689672
8549,2.82080568744934
8550,2.82159482780389
8551,2.82384208254621
8552,2.80888462541575
8553,2.82724580291566
8554,2.82590165466113
8555,2.83441986293298
8556,2.83479756280713
8557,2.81964312917927
8558,2.83461207785958
8559,2.82245219406829
8560,2.83131753445056
8561,2.82920020154258
8562,2.85280689159842
8563,2.8330560127358
8564,2.82809896282974
8565,2.83806105863104
8566,2.83109762917004
8567,2.80682432461464
8568,2.80122484474745
8569,2.79140423378496
8570,2.77586426305194
8571,2.77882402069568
8572,2.7632731484853
8573,2.76989507590747
8574,2.7594607603387
8575,2.75082458544259
8576,2.74896585891053
8577,2.76528182147544
8578,2.74662323804955
8579,2.74940662924877
8580,2.74882197517212
8581,2.75159282642326
8582,2.73259358020707
8583,2.7247275822001
8584,2.73352277027507
8585,2.72707577532211
8586,2.72385707139767
8587,2.73321960582655
8588,2.75298495339988
8589,2.769174003481
8590,2.76731483512243
8591,2.7743893934249
8592,2.76347475026377
8593,2.77135735572207
8594,2.75680591852329
8595,2.75180102362355
8596,2.75131951471858
8597,2.74626222269848
8598,2.73882954576035
8599,2.74320970483322
8600,2.74160756324455
8601,2.77532066548884
8602,2.7846828958568
8603,2.77593405828283
8604,2.7793287127221
8605,2.7632199998929
8606,2.77987806083591
8607,2.79062438182945
8608,2.81942172777801
8609,2.81374188413918
8610,2.79564466825693
8611,2.83028477302434
8612,2.82104826841879
8613,2.80566630025546
8614,2.80601228387306
8615,2.80964173602259
8616,2.80235472928995
8617,2.80497914851674
8618,2.8058659071531
8619,2.81550222000666
8620,2.81252018217288
8621,2.79471197904825
8622,2.80378744955035
8623,2.77674545383562
8624,2.76865095519426
8625,2.74513362674691
8626,2.7424254757706
8627,2.73910126070536
8628,2.72537497485138
8629,2.73177234272828
8630,2.74620397492684
8631,2.75116923584622
8632,2.77497620027011
8633,2.78557959548211
8634,2.79510708241889
8635,2.80186846104116
8636,2.79581629682753
8637,2.81574141497898
8638,2.84390892196834
8639,2.84990412322021
8640,2.86522893905782
8641,2.83366075600639
8642,2.85167079228588
8643,2.86060747108291
8644,2.86700255305474
8645,2.84527337271061
8646,2.84876221033037
8647,2.83131308588383
8648,2.82039106545957
8649,2.82330351687436
8650,2.83258325417694
8651,2.83579372064437
8652,2.86912273053918
8653,2.89463445148281
8654,2.88311397509648
8655,2.88867422603321
8656,2.89462971062331
8657,2.86225120721885
8658,2.84936813875958
8659,2.81883879526183
8660,2.82767023087087
8661,2.82909858501281
8662,2.85990209017317
8663,2.86499577852722
8664,2.85786139249987
8665,2.85361715821248
8666,2.8520226734143
8667,2.86418085347412
8668,2.85543929236323
8669,2.8592264423695
8670,2.85907413468626
8671,2.84971183604383
8672,2.89134314572222
8673,2.89663262307163
8674,2.86223745238252
8675,2.86752241878804
8676,2.87028653410851
8677,2.85656744986034
8678,2.87733626346706
8679,2.87294989242277
8680,2.85828909894919
8681,2.85785071320487
8682,2.86402970472012
8683,2.86328592312265
8684,2.86775521807855
8685,2.87230483972538
8686,2.86608654642242
8687,2.88022956743276
8688,2.86559301785351
8689,2.85970461779573
8690,2.85869022192082
8691,2.85068392732678
8692,2.85562304671924
8693,2.87917565501749
8694,2.86551177965399
8695,2.8652574339279
8696,2.87405734219302
8697,2.86572200845237
8698,2.8600439554228
8699,2.86173808999427
8700,2.87249345204561
8701,2.86394168693482
8702,2.86617797694847
8703,2.88392742796014
8704,2.87881764698147
8705,2.84569404983197
8706,2.81685013411732
8707,2.80660275069886
8708,2.80923182530785
8709,2.83240227890273
8710,2.85987748175227
8711,2.85658769863863
8712,2.86112442564451
8713,2.85797430059637
8714,2.83173960295968
8715,2.85153356640657
8716,2.85685340814396
8717,2.83638391589519
8718,2.85791492838667
8719,2.86351022044691
8720,2.83548752403306
8721,2.85803691639968
8722,2.87098735040411
8723,2.85643218078956
8724,2.88064204010334
8725,2.87678192246138
8726,2.87718961213981
8727,2.85277834464586
8728,2.86100897008483
8729,2.85314502979824
8730,2.87826868065522
8731,2.85982276660471
8732,2.83467398262081
8733,2.85458613057444
8734,2.89001729230702
8735,2.88836562981478
8736,2.89377157559468
8737,2.92691270892061
8738,2.88013956647342
8739,2.88256189843449
8740,2.9143329435295
8741,2.92103434152455
8742,2.92674836104294
8743,2.93346890232636
8744,2.90186085212514
8745,2.89206979572089
8746,2.86138495027317
8747,2.86638672232016
8748,2.86637911975319
8749,2.8796761966639
8750,2.89723696759683
8751,2.90976419268804
8752,2.90366619782325
8753,2.92684699631378
8754,2.94540436995705
8755,2.96690284568616
8756,2.94537132521196
8757,2.91137921957802
8758,2.93015992855883
8759,2.91358888653394
8760,2.92207289650042
8761,2.88682003537537
8762,2.88351323815844
8763,2.87829441479685
8764,2.95897355028548
8765,2.96529149264779
8766,2.94028603574338
8767,2.94474938113564
8768,2.9228965505543
8769,2.88607708846211
8770,2.86980046144921
8771,2.91093685259782
8772,2.90231535367837
8773,2.88036444844044
8774,2.89994660513839
8775,2.91724001001665
8776,2.89985431113171
8777,2.88195680508267
8778,2.87072864133603
8779,2.86500198337188
8780,2.89544323934484
8781,2.93833393473583
8782,2.92503334103114
8783,2.90070240447225
8784,2.91212385103025
8785,2.9521889785049
8786,2.95455318562511
8787,2.99807858500861
8788,3.0343050875029
8789,3.03089038420223
8790,3.05911424384582
8791,3.12896756262008
8792,3.26051594822669
8793,3.34866468904022
8794,3.3314437691975
8795,3.34446623159945
8796,3.35179485362015
8797,3.36444689212088
8798,3.36900047043997
8799,3.37255833288287
8800,3.38212491996798
8801,3.35110635032739
8802,3.37352730459471
8803,3.37739737968538
8804,3.41113085986918
8805,3.44877616810019
8806,3.40004646755464
8807,3.41241219092786
8808,3.418916455562
8809,3.40929180663841
8810,3.40289756837785
8811,3.39198527332904
8812,3.40351281742715
8813,3.37197718386413
8814,3.42052513365199
8815,3.4314464772169
8816,3.41011278524142
8817,3.37591205814584
8818,3.36261319642612
8819,3.36126571843281
8820,3.34955352700293
8821,3.36520545419188
8822,3.33776986780517
8823,3.32541508279978
8824,3.32118240248321
8825,3.31987764199158
8826,3.30018002310049
8827,3.31764297234721
8828,3.29840193179448
8829,3.31202457448523
8830,3.32080702408212
8831,3.32101443911935
8832,3.30736451065412
8833,3.2957526840738
8834,3.31253744063327
8835,3.29051753796553
8836,3.28050142009505
8837,3.30768821996219
8838,3.31093799561453
8839,3.29276361091563
8840,3.29310749505634
8841,3.2745273040367
8842,3.26616906797857
8843,3.28645816630773
8844,3.30192902011183
8845,3.25158874804617
8846,3.25907154598375
8847,3.25451268911378
8848,3.26260999850866
8849,3.29656505256999
8850,3.31050688059118
8851,3.29971366396954
8852,3.26041894489028
8853,3.26631514433105
8854,3.26587485719338
8855,3.27091741106725
8856,3.25018678132644
8857,3.23599255596015
8858,3.24368437583956
8859,3.24002685201725
8860,3.24120164542946
8861,3.2385058722295
8862,3.23500044579119
8863,3.22588759838709
8864,3.22738037141988
8865,3.21191835693651
8866,3.2433843730965
8867,3.25193472308961
8868,3.25492251165102
8869,3.24043852318948
8870,3.22589689053058
8871,3.22575345395831
8872,3.22607555411503
8873,3.20734336466147
8874,3.18872410608039
8875,3.19500996734712
8876,3.18904538588992
8877,3.18406012077808
8878,3.17948865905188
8879,3.18432654612474
8880,3.19776244325822
8881,3.22715633697637
8882,3.24416560329211
8883,3.23794356993653
8884,3.24603852758276
8885,3.25419664740649
8886,3.22267809526779
8887,3.20934635862922
8888,3.19227692525178
8889,3.17094042409638
8890,3.17571550992784
8891,3.17481552109819
8892,3.18106021962506
8893,3.16429386916093
8894,3.18458575237885
8895,3.15961363112499
8896,3.18050847186998
8897,3.18632119115398
8898,3.1877220775504
8899,3.18221016506485
8900,3.14705981371876
8901,3.16158877886273
8902,3.1475919874513
8903,3.12330420483539
8904,3.14414654743461
8905,3.15544634840762
8906,3.1545657036593
8907,3.12156926794819
8908,3.10589928037608
8909,3.11179180661509
8910,3.12647623788336
8911,3.11653533858902
8912,3.13860873435292
8913,3.1545554610009
8914,3.15316188031962
8915,3.16499650144164
8916,3.17222832341353
8917,3.16986130612951
8918,3.14976041370441
8919,3.14958891985115
8920,3.11470625654135
8921,3.1173865845631
8922,3.11472909649961
8923,3.11578513659019
8924,3.09845552789795
8925,3.10394189351482
8926,3.08902818912196
8927,3.07215594435166
8928,3.10543424714447
8929,3.0877866126797
8930,3.10089784979891
8931,3.11461288716964
8932,3.13462445213033
8933,3.14237029847511
8934,3.12687873145919
8935,3.12096019681565
8936,3.11319022359819
8937,3.12157859653403
8938,3.12486030264392
8939,3.12964074865898
8940,3.13123066795125
8941,3.15475508938502
8942,3.16762083792355
8943,3.17443741335639
8944,3.15805910293042
8945,3.1738627820799
8946,3.12105616265065
8947,3.1239690318231
8948,3.11820603940775
8949,3.09222147896978
8950,3.10437709706016
8951,3.12846598771659
8952,3.12611154391451
8953,3.11231164169836
8954,3.09680853929096
8955,3.05755765595705
8956,3.10462143741531
8957,3.10464454155531
8958,3.09223941137296
8959,3.10831554738795
8960,3.10745062180075
8961,3.12550542957066
8962,3.120190226392
8963,3.08101552675992
8964,3.06034075055651
8965,3.04130036851967
8966,3.05311260424808
8967,3.07575387797692
8968,3.06871513962659
8969,3.06598786830919
8970,3.06588247641772
8971,3.05740583024073
8972,3.04532839576195
8973,3.02485913182644
8974,3.03246026382886
8975,3.05881602892214
8976,3.0715919709599
8977,3.05967344405776
8978,3.07570619572548
8979,3.10909301067812
8980,3.1275352630644
8981,3.10241515365926
8982,3.0857634086523
8983,3.10824251534694
8984,3.09581102310366
8985,3.08902731286145
8986,3.06107714694931
8987,3.06522385183397
8988,3.06878711374981
8989,3.09036256388897
8990,3.09042367491195
8991,3.06098596662196
8992,3.08622011227563
8993,3.10696331185258
8994,3.13035584812627
8995,3.09575995906611
8996,3.09366050795506
8997,3.11847849696627
8998,3.11825265149696
8999,3.10427345316315
9000,3.1058238848808
9001,3.12748130222906
9002,3.11844821403974
9003,3.10435993302304
9004,3.09781853044096
9005,3.09617740613627
9006,3.09079062711677
9007,3.07277069142638
9008,3.09952054396107
9009,3.09664686494186
9010,3.08721135242373
9011,3.07217434610936
9012,3.05048314601188
9013,3.0059835531809
9014,3.01589252910622
9015,2.98845266450621
9016,2.97418613764703
9017,2.96487276596988
9018,2.95059173454844
9019,2.93155286169972
9020,2.89487359175106
9021,2.82425951479795
9022,2.74269775063664
9023,2.63995724061789
9024,2.60334946804889
9025,2.65470471396668
9026,2.64099220603913
9027,2.61588030126899
9028,2.61043762297317
9029,2.6443145912202
9030,2.62820458846119
9031,2.61175118384944
9032,2.59479788228199
9033,2.61048947963317
9034,2.63030389409612
9035,2.6280490188277
9036,2.60894239686541
9037,2.59812783003207
9038,2.59217506982832
9039,2.64596419699267
9040,2.62023153705218
9041,2.62635051979419
9042,2.60856330698604
9043,2.60593894772089
9044,2.61984146991126
9045,2.59436655419334
9046,2.58077503908677
9047,2.60681005115879
9048,2.60584871535215
9049,2.62322869047856
9050,2.5939814384335
9051,2.59647308778642
9052,2.58351143076175
9053,2.60204600144677
9054,2.58353767813131
9055,2.5784316007711
9056,2.57070670111525
9057,2.58278242437033
9058,2.60185849187695
9059,2.61544568671692
9060,2.61769972090162
9061,2.62784880201522
9062,2.61566077924283
9063,2.60760533022276
9064,2.60971558628946
9065,2.62045424352028
9066,2.62280058583582
9067,2.64027018286782
9068,2.64780487382995
9069,2.66372789398438
9070,2.69033897243825
9071,2.68874835661
9072,2.68138745849692
9073,2.69367889919127
9074,2.6933804124559
9075,2.69917784968137
9076,2.70255511603828
9077,2.71335146366865
9078,2.72642113403378
9079,2.74790202132586
9080,2.73881371326545
9081,2.7375756400512
9082,2.73696209814892
9083,2.76018789070223
9084,2.75448619200904
9085,2.77116778917039
9086,2.75537820081024
9087,2.78391584413866
9088,2.79842954318954
9089,2.7888285272569
9090,2.75959181519733
9091,2.76332169183033
9092,2.76323496122283
9093,2.76707227219214
9094,2.80242307902639
9095,2.83213983809357
9096,2.78401648891932
9097,2.75696299169945
9098,2.72622047284747
9099,2.70507328094521
9100,2.65176561510867
9101,2.65139934767264
9102,2.6582298376714
9103,2.63551838188936
9104,2.63395649880518
9105,2.62749337317766
9106,2.62295779035016
9107,2.62729249243393
9108,2.62410897452471
9109,2.61430088221883
9110,2.63820030573356
9111,2.62632877152688
9112,2.61749108896185
9113,2.65386652157114
9114,2.63000940288686
9115,2.62500694797908
9116,2.6401883450037
9117,2.62425902668011
9118,2.63150676130992
9119,2.65076341324099
9120,2.63370522458487
9121,2.61098661033543
9122,2.6208275144738
9123,2.61236328892846
9124,2.62200735534272
9125,2.63194770615956
9126,2.66302179107972
9127,2.64215319059151
9128,2.62024458505027
9129,2.64090473830808
9130,2.65981951071069
9131,2.65896339586573
9132,2.6238241930464
9133,2.6459457672708
9134,2.64207516063422
9135,2.64916441721243
9136,2.64724128263783
9137,2.67401890105042
9138,2.68597141619858
9139,2.70837635980644
9140,2.71421230684093
9141,2.72404861382946
9142,2.71083171019046
9143,2.67980349032411
9144,2.67034554054752
9145,2.6684079480089
9146,2.59518136175841
9147,2.59772060172227
9148,2.60628013058345
9149,2.60559449635932
9150,2.57440827136324
9151,2.60148335668583
9152,2.64985123411509
9153,2.63872282723682
9154,2.63657401357969
9155,2.60262710952827
9156,2.62505176422653
9157,2.57840494540198
9158,2.5760252717397
9159,2.57091519263014
9160,2.54819569091984
9161,2.60495787775386
9162,2.60491733864064
9163,2.60087779505189
9164,2.60593254324607
9165,2.58514520442517
9166,2.62270109791305
9167,2.62994720165384
9168,2.60733566704957
9169,2.64723902312773
9170,2.64337446376075
9171,2.6476282395873
9172,2.6591761638708
9173,2.64163187461603
9174,2.60991924227963
9175,2.62091699152248
9176,2.62017008443547
9177,2.64593147975723
9178,2.65183678731576
9179,2.6913829884715
9180,2.71509938300744
9181,2.73346264855318
9182,2.71127183837563
9183,2.7405490218845
9184,2.72059156596254
9185,2.68117984103045
9186,2.68551189375077
9187,2.65397919466809
9188,2.69209785914983
9189,2.69668825567385
9190,2.69076131853726
9191,2.67770874593452
9192,2.65309391062922
9193,2.64383789361733
9194,2.62839957568224
9195,2.63489140612292
9196,2.62978361076526
9197,2.64610689006352
9198,2.63084659970144
9199,2.63366368953508
9200,2.65601344974693
9201,2.62583265547659
9202,2.61232725606657
9203,2.64296354645928
9204,2.60671192163276
9205,2.615097768083
9206,2.60574595177482
9207,2.6104343989796
9208,2.61403109445342
9209,2.62255352227579
9210,2.59879980935037
9211,2.58742018960723
9212,2.6088992739466
9213,2.59951983331086
9214,2.60812489989113
9215,2.63775879603319
9216,2.64335268127937
9217,2.67390186423106
9218,2.69214495777467
9219,2.71314964738874
9220,2.73319026574791
9221,2.69673764266364
9222,2.71075986710486
9223,2.66745803405067
9224,2.6328058824399
9225,2.59610400703705
9226,2.60872642508263
9227,2.60283136469635
9228,2.59600005110582
9229,2.60066686115877
9230,2.62599370568537
9231,2.66374330278904
9232,2.66869835299778
9233,2.65846871568413
9234,2.68582617657396
9235,2.71515776848603
9236,2.71848251823675
9237,2.72293469302227
9238,2.74209857783603
9239,2.76434646407399
9240,2.75140407735322
9241,2.74207534078268
9242,2.77547614674376
9243,2.80735625118641
9244,2.81978204039382
9245,2.80902577561173
9246,2.82265635293665
9247,2.85429432074867
9248,2.88055588782678
9249,2.85252269400866
9250,2.83475882000412
9251,2.83790433121238
9252,2.78537427393352
9253,2.78493532745199
9254,2.79451507660832
9255,2.81361302958047
9256,2.80600894597608
9257,2.78127939118364
9258,2.74869530996148
9259,2.75496738273502
9260,2.76376417058041
9261,2.79573831595719
9262,2.81098650066867
9263,2.80349792780135
9264,2.81898726385117
9265,2.80492971436809
9266,2.80495005173367
9267,2.79424440106851
9268,2.77472839882397
9269,2.79451670171423
9270,2.82517497017412
9271,2.8055169069514
9272,2.77645585887377
9273,2.73724613324358
9274,2.73773407616408
9275,2.77801923315837
9276,2.78385486390567
9277,2.81452369381441
9278,2.86616188205784
9279,2.87192852802294
9280,2.92484152946427
9281,2.98354348897873
9282,3.0825505394003
9283,3.19165826291147
9284,3.36467722599887
9285,3.40047489095927
9286,3.35711374125174
9287,3.36320361116844
9288,3.34841400629277
9289,3.33622471978578
9290,3.37351452536439
9291,3.37046893853784
9292,3.34973199256406
9293,3.34222386017895
9294,3.33719398714282
9295,3.33567218775602
9296,3.33724343083524
9297,3.32931514093963
9298,3.3179517317389
9299,3.31464408375922
9300,3.30594120703489
9301,3.29826927868462
9302,3.28878702668471
9303,3.245970238957
9304,3.23676393060335
9305,3.21775589416387
9306,3.2046884183358
9307,3.20636846746746
9308,3.23151456137531
9309,3.24662944496337
9310,3.26623430095475
9311,3.29701682823493
9312,3.32419889039488
9313,3.31288233600004
9314,3.27431806831227
9315,3.2808438686989
9316,3.29658026899871
9317,3.28535011859132
9318,3.2561694515184
9319,3.24119212017799
9320,3.21457509589061
9321,3.2125614824108
9322,3.23712447486485
9323,3.23639368457977
9324,3.25252174232336
9325,3.23012502803987
9326,3.21637827361261
9327,3.22655011170491
9328,3.2301840241762
9329,3.25954589577352
9330,3.2437310448863
9331,3.19620208409259
9332,3.19840201725685
9333,3.18768161450536
9334,3.15966767046903
9335,3.16010401207389
9336,3.16245791370397
9337,3.18007964429088
9338,3.15276318016731
9339,3.1269955450205
9340,3.08267370571668
9341,3.1332875610974
9342,3.09341432826723
9343,3.09056719626813
9344,3.10607750845207
9345,3.11451428010673
9346,3.11784693691212
9347,3.07560805573803
9348,3.05758403425424
9349,3.03688700477294
9350,3.07983620757553
9351,3.06888908981818
9352,3.04645386886962
9353,3.05966370766839
9354,3.0693091318773
9355,3.07755654840616
9356,3.10494121503755
9357,3.07218571981218
9358,3.03223417743946
9359,3.02881495768946
9360,3.03738611034349
9361,3.03071362779888
9362,3.02573403310402
9363,3.07504207453995
9364,3.12150022406301
9365,3.13267446480635
9366,3.12514562216387
9367,3.16125176798852
9368,3.19676544077358
9369,3.24471217220512
9370,3.24347844334672
9371,3.22732639922434
9372,3.21825251225323
9373,3.21090476066876
9374,3.18526686603914
9375,3.15248359509812
9376,3.15569164768205
9377,3.14873123008419
9378,3.14273658751492
9379,3.16295334553444
9380,3.14441420340722
9381,3.17993950108348
9382,3.15276991658413
9383,3.14477989305169
9384,3.13810935661496
9385,3.16209699420387
9386,3.13336235790661
9387,3.11432087058328
9388,3.09040008448551
9389,3.06833822884846
9390,3.04904782387325
9391,3.07615660060372
9392,3.07355469378064
9393,3.07313088586612
9394,3.0896658345878
9395,3.08356019427043
9396,3.07360968339847
9397,3.05144069847927
9398,2.98878151617314
9399,3.09233289882527
9400,3.07375351385768
9401,3.11059324257684
9402,3.16217983899003
9403,3.18195393841521
9404,3.20888854579016
9405,3.26480472290975
9406,3.28201321058369
9407,3.30466702961137
9408,3.32027019937518
9409,3.30452089383719
9410,3.27936078731282
9411,3.23326251102532
9412,3.24050806853886
9413,3.24166386147077
9414,3.28910744871429
9415,3.31459390649985
9416,3.34205065341516
9417,3.26978981960326
9418,3.24764915309807
9419,3.18230607612509
9420,3.16720186242541
9421,3.18671105237413
9422,3.1643400046663
9423,3.15322623747823
9424,3.12214834506343
9425,3.07527758223017
9426,3.11992639039775
9427,3.1021924195644
9428,3.10156914978429
9429,3.11606841572211
9430,3.10133551914356
9431,3.08822098373192
9432,3.07891058047371
9433,3.13979021167995
9434,3.15912842465485
9435,3.11435614614882
9436,3.01972619021918
9437,3.03867147613374
9438,3.02620990314637
9439,3.05308022357915
9440,3.12578345293988
9441,3.10903124398571
9442,3.11258374817129
9443,3.09639570282001
9444,3.08763262014763
9445,3.12507424400521
9446,3.11385539047094
9447,3.04630944637523
9448,3.07595049466655
9449,3.09048628763649
9450,3.01621403173705
9451,2.99729031661448
9452,2.98320507391268
9453,2.97106338986037
9454,2.97948632343702
9455,2.95716853021812
9456,2.90629395132379
9457,2.88304079607593
9458,2.81065428090315
9459,2.67265734345117
9460,2.44925377352055
9461,2.59415035321249
9462,2.58336052273233
9463,2.5816891997236
9464,2.60132159352196
9465,2.62610655791122
9466,2.60916742329699
9467,2.57971693101512
9468,2.57614929899586
9469,2.61631295921155
9470,2.61832922845122
9471,2.60736940298413
9472,2.61559500643105
9473,2.63571087283017
9474,2.63811437118662
9475,2.64659649047295
9476,2.65061152806562
9477,2.61892664949727
9478,2.60896958569418
9479,2.61157973081444
9480,2.61081777387579
9481,2.62575382157707
9482,2.63869070371043
9483,2.63054130349926
9484,2.62918809616176
9485,2.63681234967633
9486,2.6249845777491
9487,2.58890025558012
9488,2.60392607294525
9489,2.57357850461278
9490,2.55619981161698
9491,2.53281955162305
9492,2.52084171685974
9493,2.51459236128389
9494,2.50738970499427
9495,2.52693255370048
9496,2.53552951278056
9497,2.54329125771844
9498,2.54127450175958
9499,2.55191053231642
9500,2.53842650683265
9501,2.54300087576351
9502,2.54546855973845
9503,2.545419282251
9504,2.53273340429422
9505,2.54756651344803
9506,2.57609571586008
9507,2.58947088865174
9508,2.58683352047333
9509,2.57143916083728
9510,2.58396252848772
9511,2.60559394644861
9512,2.59599476637394
9513,2.61614779971404
9514,2.6222648552484
9515,2.62446629185362
9516,2.62268797750494
9517,2.60093938215843
9518,2.60244126549722
9519,2.62360840910089
9520,2.62834690203769
9521,2.63451236896358
9522,2.64044543556252
9523,2.61927781764909
9524,2.60843992828191
9525,2.59730373651112
9526,2.59389578044483
9527,2.57012412037406
9528,2.555213305858
9529,2.55913018961513
9530,2.56122653117634
9531,2.56137439076375
9532,2.56449510013973
9533,2.56826660526315
9534,2.57502247819829
9535,2.55288409023649
9536,2.57731303923722
9537,2.56235288575897
9538,2.56963652483858
9539,2.56467382318389
9540,2.55378772331172
9541,2.57260044498955
9542,2.56986786234222
9543,2.55242028371569
9544,2.55990827655822
9545,2.5679354546976
9546,2.56492506307933
9547,2.54622031027137
9548,2.54349193827622
9549,2.55482559208988
9550,2.52710871487619
9551,2.52182439020391
9552,2.51026862966654
9553,2.51992113673345
9554,2.50923039906513
9555,2.49743750753044
9556,2.51626066097419
9557,2.48136072302716
9558,2.46455104535502
9559,2.46263509305507
9560,2.46457243093143
9561,2.48624794827717
9562,2.50111458760887
9563,2.50191589939803
9564,2.51287707474907
9565,2.49839487872214
9566,2.4860688171189
9567,2.4670770611765
9568,2.45590500599669
9569,2.46325129850774
9570,2.45108403374244
9571,2.46762332821158
9572,2.44375715298531
9573,2.44567660374716
9574,2.4356932348762
9575,2.44280033576743
9576,2.44852914613369
9577,2.47508746304283
9578,2.48128711326166
9579,2.46747557268313
9580,2.48611878375084
9581,2.47849472730104
9582,2.47162564094026
9583,2.47678233497911
9584,2.47355911127559
9585,2.47717960632298
9586,2.4741455004062
9587,2.47516928193315
9588,2.47519242212689
9589,2.47548314959642
9590,2.45935379010455
9591,2.44553383627973
9592,2.45479750897991
9593,2.45761557956942
9594,2.44413438873905
9595,2.43222593059247
9596,2.44945181235632
9597,2.45964370331277
9598,2.48561947055642
9599,2.4984284869682
9600,2.48907270925378
9601,2.4870213540859
9602,2.49307011025665
9603,2.50978528678448
9604,2.51068840900187
9605,2.51062723790099
9606,2.52324426803372
9607,2.5416163993124
9608,2.56794825161902
9609,2.58143334544089
9610,2.60327307140279
9611,2.60947508264002
9612,2.61843123889995
9613,2.60344423192885
9614,2.5849400347804
9615,2.5814549520797
9616,2.57759486186342
9617,2.56889412759718
9618,2.59277108452633
9619,2.59510672280819
9620,2.57863566293739
9621,2.56591349409362
9622,2.56344938211368
9623,2.54992397028195
9624,2.57456913888933
9625,2.56604204459634
9626,2.56091571768272
9627,2.54262613558143
9628,2.52614237106644
9629,2.51407359041401
9630,2.51470959844568
9631,2.52375524009517
9632,2.51816301975202
9633,2.53227991201513
9634,2.53649803962398
9635,2.52637564884478
9636,2.53573970538506
9637,2.53527307583596
9638,2.53434924909061
9639,2.52744629594792
9640,2.53119078949169
9641,2.52199962141384
9642,2.50981996216353
9643,2.51557503518803
9644,2.51857882668466
9645,2.51182249177822
9646,2.51623381365531
9647,2.52320931638824
9648,2.53491422327221
9649,2.54668029642772
9650,2.54872865153942
9651,2.56692133215091
9652,2.57216529948821
9653,2.57331497982991
9654,2.56995682807808
9655,2.57486741986423
9656,2.56541020234587
9657,2.56599303696393
9658,2.57469164045449
9659,2.60020836671601
9660,2.6366651094285
9661,2.61323420135847
9662,2.60013632736221
9663,2.59892856417485
9664,2.59378349107601
9665,2.60272104811969
9666,2.61375747097291
9667,2.61449684528739
9668,2.6105045706304
9669,2.6034361382016
9670,2.59064690954153
9671,2.56261126864433
9672,2.57118153256974
9673,2.58071591081296
9674,2.56539879410207
9675,2.57669878069095
9676,2.56449858787281
9677,2.57316389185928
9678,2.56168838034389
9679,2.55727332908546
9680,2.57418174779054
9681,2.62472231239604
9682,2.65385450530656
9683,2.64767428058706
9684,2.64242519644534
9685,2.66151461202514
9686,2.65153015743758
9687,2.6513960589812
9688,2.66012096818102
9689,2.64786990557756
9690,2.61910757285916
9691,2.61806478562229
9692,2.64621305402878
9693,2.67214575941635
9694,2.61827354168519
9695,2.65725716903882
9696,2.66874984829212
9697,2.66321748040477
9698,2.60374046162116
9699,2.62899133544269
9700,2.61065033570276
9701,2.65015089030684
9702,2.6609142971495
9703,2.61629086797274
9704,2.60070668352546
9705,2.60895690192259
9706,2.59531482814655
9707,2.58822369809081
9708,2.57387730691531
9709,2.5950249027889
9710,2.61494396712977
9711,2.61350149727352
9712,2.61470242941497
9713,2.62527729145285
9714,2.64070472323356
9715,2.6072321220065
9716,2.61172923057729
9717,2.62707217066586
9718,2.61666676823716
9719,2.61909322932535
9720,2.60511017902829
9721,2.60573557513351
9722,2.58560760636433
9723,2.55558483103832
9724,2.55130346649244
9725,2.54939599236743
9726,2.58057676191933
9727,2.55364297655851
9728,2.58363116869361
9729,2.57031739357364
9730,2.58124036524228
9731,2.62166887331506
9732,2.59455085534299
9733,2.59564694945894
9734,2.57118958522449
9735,2.60893281768862
9736,2.60203284487206
9737,2.59889725862499
9738,2.59634342130883
9739,2.56451224656178
9740,2.59705930055711
9741,2.55896757190475
9742,2.53374352857392
9743,2.59044790660528
9744,2.55383974619635
9745,2.53999638252142
9746,2.53217432236619
9747,2.56722718485989
9748,2.58395762876157
9749,2.58412284132825
9750,2.56755069673369
9751,2.60176362808733
9752,2.56796678293006
9753,2.59261698116247
9754,2.59067444784174
9755,2.60667757940553
9756,2.60557267307275
9757,2.57758998136085
9758,2.53564069042395
9759,2.52209057229021
9760,2.50198363128555
9761,2.53803171231397
9762,2.50097183637365
9763,2.48304230325982
9764,2.47103892280527
9765,2.47428116623291
9766,2.48676966920109
9767,2.53389330618612
9768,2.5401775934859
9769,2.56739154256835
9770,2.55471189977586
9771,2.56999809338484
9772,2.57865213276617
9773,2.52764348919488
9774,2.55889875526185
9775,2.52459105489845
9776,2.48876261025032
9777,2.48695482090955
9778,2.48358616116951
9779,2.41988724857285
9780,2.57734293949849
9781,2.53695761263483
9782,2.54188729559383
9783,2.53273483861608
9784,2.56212589891982
9785,2.57442785159413
9786,2.5731791166333
9787,2.58206897514796
9788,2.58100815434451
9789,2.59052291028458
9790,2.56012313055052
9791,2.54451542964518
9792,2.52889957160474
9793,2.53144110408673
9794,2.54230548324455
9795,2.54779703997807
9796,2.55433662754828
9797,2.55301248598909
9798,2.5506539595699
9799,2.50285513376013
9800,2.52285990821997
9801,2.51915139325552
9802,2.52766953907741
9803,2.50853503547552
9804,2.52550143623878
9805,2.55125882217084
9806,2.54616888455572
9807,2.56527238232351
9808,2.57481160830852
9809,2.55478949568763
9810,2.56825045895382
9811,2.56454338880069
9812,2.5663953365665
9813,2.54885581288872
9814,2.54863860514147
9815,2.528775595638
9816,2.52217834155749
9817,2.55760889649432
9818,2.55903595955857
9819,2.54155498935619
9820,2.55929113973755
9821,2.5526869393806
9822,2.54332075739024
9823,2.53964739044611
9824,2.55811337747045
9825,2.57502189385906
9826,2.54549536886432
9827,2.56753258995244
9828,2.57574629667051
9829,2.61588159346044
9830,2.59653652234502
9831,2.60150703623083
9832,2.58302442041876
9833,2.5702443215443
9834,2.55525780712522
9835,2.55981905691718
9836,2.55444106820499
9837,2.54368383778251
9838,2.50214789297569
9839,2.49057290430776
9840,2.50760361634414
9841,2.46816591678618
9842,2.47668015987555
9843,2.43222098531805
9844,2.44206300297601
9845,2.46845672653856
9846,2.44713962045031
9847,2.40592826156077
9848,2.44564049202285
9849,2.43892295386942
9850,2.45309919803242
9851,2.47194843970039
9852,2.49639107799436
9853,2.51785615189408
9854,2.5119463455909
9855,2.53004493470615
9856,2.54577909587794
9857,2.50390341341777
9858,2.52071302952973
9859,2.51208169383722
9860,2.5506505851064
9861,2.51739608536099
9862,2.52325549187858
9863,2.52550478336499
9864,2.54448409163953
9865,2.52435071666923
9866,2.51541159328878
9867,2.50651458930624
9868,2.50985718564277
9869,2.51343977254218
9870,2.51452088889007
9871,2.51268353602725
9872,2.50475649873899
9873,2.52160949872965
9874,2.50328260764906
9875,2.49750308315677
9876,2.49243979253485
9877,2.47337584877874
9878,2.46888246886955
9879,2.45469577200521
9880,2.46995838831776
9881,2.49740180191429
9882,2.48032966113655
9883,2.45116925735701
9884,2.46152199907778
9885,2.44490259410694
9886,2.46109811493946
9887,2.46100024288509
9888,2.47102519574486
9889,2.46598800217601
9890,2.48721095548799
9891,2.4786779927876
9892,2.48917581746809
9893,2.49835724593394
9894,2.49740846350562
9895,2.50497216195132
9896,2.50912316854889
9897,2.49638827477145
9898,2.48471963465989
9899,2.49127713122195
9900,2.47972775680634
9901,2.50572135852547
9902,2.52260841870921
9903,2.53468920517235
9904,2.51080974797409
9905,2.52537441616701
9906,2.54745706575562
9907,2.53420971257907
9908,2.55035534877109
9909,2.55079474794744
9910,2.5345432675804
9911,2.54996862104505
9912,2.5105491323904
9913,2.51711971141008
9914,2.51867833405398
9915,2.51996593169395
9916,2.48983422688417
9917,2.48612285067336
9918,2.47146636177639
9919,2.47117152977163
9920,2.48718010067387
9921,2.47198068994519
9922,2.48065503262622
9923,2.49353678378
9924,2.49460048421523
9925,2.4970333035566
9926,2.47410738090241
9927,2.47900585043082
9928,2.46201013907421
9929,2.44423701519844
9930,2.4534266628314
9931,2.44147703048163
9932,2.44425189365259
9933,2.47172407313115
9934,2.48761574312197
9935,2.51181076470604
9936,2.4941669849934
9937,2.47271989275416
9938,2.46487975296528
9939,2.46245301037923
9940,2.45312620842701
9941,2.48139701248056
9942,2.48166461845761
9943,2.50108316208976
9944,2.53136908855356
9945,2.53209075648363
9946,2.56783990053416
9947,2.54499823921487
9948,2.53089921759919
9949,2.54677824909459
9950,2.56019594843854
9951,2.54224605042183
9952,2.56066692668804
9953,2.54192233717785
9954,2.5890704580365
9955,2.59843258106928
9956,2.60649054386022
9957,2.59602226757509
9958,2.62518186224269
9959,2.58879510910999
9960,2.56440138300385
9961,2.58169866624073
9962,2.62788012873304
9963,2.63337732116494
9964,2.63679392600682
9965,2.63641824939808
9966,2.61525762986312
9967,2.62466173805524
9968,2.59670685939239
9969,2.58864107107678
9970,2.62365047491912
9971,2.63736946445758
9972,2.65498247305556
9973,2.65906813784412
9974,2.6161846429366
9975,2.60851585740476
9976,2.60727769754567
9977,2.63795744762854
9978,2.62822633113354
9979,2.59495647312193
9980,2.5774763252034
9981,2.55418758027104
9982,2.55936693572995
9983,2.53916514874069
9984,2.49103337417176
9985,2.48118972773721
9986,2.49061897264297
9987,2.47969511702854
9988,2.4711069803726
9989,2.42169196216284
9990,2.45971963557267
9991,2.45128455533152
9992,2.4439458422456
9993,2.46899224544865
9994,2.47988411478866
9995,2.48770442088058
9996,2.45625632990016
9997,2.46361982322557
9998,2.44317471732111
9999,2.45676179075343
10000,2.48660624819664
